2.9059 2.8879 2.9239 3.4017e-04 7.8304e-05
2.9409 2.9239 2.9599 2.9717e-04 9.2466e-05
2.9779 2.9599 2.9959 4.5625e-04 9.9211e-05
3.0139 2.9959 3.0318 2.6412e-04 6.7614e-05
3.0487 3.0318 3.0678 1.3931e-04 7.5458e-05
3.0855 3.0678 3.1038 2.4138e-04 8.5630e-05
3.1212 3.1038 3.1397 1.8727e-04 8.7395e-05
3.1573 3.1397 3.1757 3.5501e-04 1.0614e-04
3.1939 3.1757 3.2117 5.0482e-04 9.4075e-05
3.2292 3.2117 3.2476 3.7027e-04 6.8618e-05
3.2649 3.2476 3.2836 4.1651e-04 1.0471e-04
3.3010 3.2836 3.3196 4.2305e-04 9.9166e-05
3.3375 3.3196 3.3555 4.5789e-04 1.0393e-04
3.3744 3.3555 3.3915 4.9825e-04 8.3434e-05
3.4101 3.3915 3.4274 3.2858e-04 7.8522e-05
3.4461 3.4274 3.4634 3.8858e-04 8.2198e-05
3.4824 3.4634 3.4993 5.8465e-04 6.2099e-05
3.5174 3.4993 3.5353 4.1549e-04 9.1103e-05
3.5528 3.5353 3.5712 4.6576e-04 9.3390e-05
3.5885 3.5712 3.6071 6.5497e-04 9.1506e-05
3.6245 3.6071 3.6431 5.6242e-04 7.2327e-05
3.6610 3.6431 3.6790 5.7952e-04 7.9090e-05
3.6978 3.6790 3.7149 4.5367e-04 9.7471e-05
3.7331 3.7149 3.7509 6.3519e-04 7.8145e-05
3.7687 3.7509 3.7868 5.6051e-04 8.8837e-05
3.8047 3.7868 3.8227 5.2429e-04 1.0989e-04
3.8410 3.8227 3.8586 5.8402e-04 6.6901e-05
3.8776 3.8586 3.8945 5.1757e-04 1.0696e-04
3.9127 3.8945 3.9305 5.9167e-04 8.6689e-05
3.9481 3.9305 3.9664 4.1917e-04 1.2585e-04
3.9838 3.9664 4.0023 5.9669e-04 1.2871e-04
4.0198 4.0023 4.0382 6.7500e-04 9.7887e-05
4.0561 4.0382 4.0741 4.4226e-04 1.3427e-04
4.0928 4.0741 4.1100 3.8249e-04 1.1393e-04
4.1277 4.1100 4.1459 4.8505e-04 1.2927e-04
4.1630 4.1459 4.1818 4.8930e-04 9.2054e-05
4.2006 4.1818 4.2176 3.7363e-04 1.4482e-04
4.2365 4.2176 4.2535 5.5153e-04 1.2801e-04
4.2705 4.2535 4.2894 6.2479e-04 1.2226e-04
4.3069 4.2894 4.3253 6.6965e-04 1.2262e-04
4.3437 4.3253 4.3611 4.6645e-04 1.5764e-04
4.3786 4.3611 4.3970 4.8372e-04 1.0054e-04
4.4138 4.3970 4.4329 2.5693e-04 1.8808e-04
4.4492 4.4329 4.4687 2.5989e-04 1.7809e-04
4.4849 4.4687 4.5046 2.8211e-04 1.4545e-04
4.5210 4.5046 4.5404 2.5549e-04 1.0894e-04
4.5573 4.5404 4.5763 6.1569e-04 1.4659e-04
4.5939 4.5763 4.6121 4.3529e-04 1.2966e-04
4.6308 4.6121 4.6480 3.0491e-04 1.2800e-04
4.6656 4.6480 4.6838 4.6226e-04 1.9199e-04
4.7008 4.6838 4.7197 2.4237e-04 1.3915e-04
4.7385 4.7197 4.7555 1.7278e-04 1.0327e-04
4.7742 4.7555 4.7913 2.7468e-04 2.2391e-04
4.8101 4.7913 4.8271 4.8865e-04 2.1051e-04
4.8464 4.8271 4.8630 4.8783e-04 1.5899e-04
4.8804 4.8630 4.8988 7.0796e-05 2.3554e-04
4.9171 4.8988 4.9346 8.8989e-05 2.0781e-04
4.9542 4.9346 4.9704 4.1013e-04 1.8043e-04
4.9890 4.9704 5.0062 2.1075e-04 1.8212e-04
5.0240 5.0062 5.0420 -1.4777e-05 2.4115e-04
5.0593 5.0420 5.0778 -6.5145e-05 1.9049e-04
5.0948 5.0778 5.1136 2.7244e-04 2.7272e-04
5.1306 5.1136 5.1493 7.0674e-04 2.4953e-04
