  -0.390280514663759526E+001   0.513722492917920270E+001   0.475996532428225194E+002   0.336654489865337200E+004  -0.106404288066997488E+001   0.801245966436209489E+000  -0.953179747636323071E+000  -0.350259069421933411E+001  -0.837386668110451282E+001  -0.503668311892530696E+000  -0.466627103646650454E+002  -0.477803691012316492E+002   1
  -0.520494979835568561E+001   0.104819510316773012E+001   0.191820510343132149E+002   0.334161130570598516E+004  -0.101472551032510871E+001   0.758865971289131025E+000  -0.112901722551159267E+001  -0.347952077027986029E+001  -0.962081006853268406E+001  -0.547810690047331406E+000  -0.467633918641182618E+002  -0.481218044609378239E+002   1
  -0.443293753954744751E+001   0.420477308252727511E+001   0.388299408319067680E+002   0.340059212335629945E+004  -0.103104300538905669E+001   0.809984214453137730E+000  -0.160274087465234416E+001  -0.349423686358081387E+001  -0.930246618741420406E+001  -0.559135475218559108E+000  -0.466164915623812988E+002  -0.485847571820391835E+002   1
  -0.439030772605783071E+001   0.520369002389925583E+001   0.118231169708201751E+002   0.337344748635953056E+004  -0.108302523458718447E+001   0.760330459442682516E+000  -0.217185273578977123E+001  -0.346419096857911857E+001  -0.973438631080041539E+001  -0.227178825186005184E+000  -0.464734676594322451E+002  -0.480993654905796078E+002   1
  -0.513038019102577536E+001   0.274965705923992942E+001   0.143539436146411077E+003   0.340362987657831718E+004  -0.989872019466933040E+000   0.820698500400888431E+000  -0.192117291834612924E+001  -0.350702487929897000E+001  -0.861147901034521901E+001  -0.216954929044906208E+000  -0.470285394962505876E+002  -0.489923343945590588E+002   1
  -0.529018999190339656E+001   0.159582300666825461E+001   0.132993838666661560E+003   0.334469650669312023E+004  -0.107554293778567533E+001   0.754207995911569729E+000  -0.263092582676447950E+001  -0.350861454780433668E+001  -0.999968466704220305E+001  -0.278242215937469339E+000  -0.469266564261339951E+002  -0.479757280769265861E+002   1
  -0.321484566139728578E+001   0.541507794506341433E+001   0.259321496664599138E+002   0.337902136875270162E+004  -0.918222617090641791E+000   0.827617184717261534E+000  -0.176662945381076586E+001  -0.368966654120124637E+001  -0.862130467022545766E+001  -0.475173641645303846E+000  -0.470776187627941880E+002  -0.478923596921459378E+002   1
  -0.360548574487597051E+001   0.156484654685445168E+001   0.381171571820018471E+002   0.336229733076653520E+004  -0.879061088018879389E+000   0.708191211810209165E+000  -0.156652623060011820E+000  -0.358142039620409491E+001  -0.931051711942210503E+001  -0.443366051655219806E+000  -0.469141353404643056E+002  -0.476169474868629194E+002   1
  -0.418133196155522224E+001   0.546973695417987571E+001   0.608457488101381649E+001   0.338023284635560640E+004  -0.111799298426296101E+001   0.799770160971599031E+000  -0.735807674265287481E+000  -0.347017087122662549E+001  -0.918570461155190010E+001  -0.351706427313184022E+000  -0.464966693476312116E+002  -0.473999432127220430E+002   1
  -0.478535517133584953E+001   0.316304358119332996E+001   0.140909137859661882E+003   0.339915012479225106E+004  -0.107457537389094426E+001   0.840964516765294379E+000  -0.139063182722799628E+001  -0.347607609262358963E+001  -0.911177543414921942E+001  -0.282547431606191779E+000  -0.466533530755177708E+002  -0.473301825873092525E+002   1
  -0.231657755444668112E+001   0.438678201431017811E+001   0.168658748865396966E+002   0.340602631308263017E+004  -0.106822607261239266E+001   0.676649605268639709E+000  -0.264658959348669720E+001  -0.337654308177036100E+001  -0.981555244199690868E+001  -0.250145249969467187E+000  -0.467951502975733007E+002  -0.475665527164625459E+002   1
  -0.586137456477681251E+001   0.575743204302751010E+001   0.160989407600234586E+003   0.339748316621284221E+004  -0.977980841570831316E+000   0.817337202025721909E+000  -0.270234594993842814E+001  -0.353025078582868890E+001  -0.912815205706852772E+001  -0.377286969462449662E+000  -0.470112036609477073E+002  -0.473877479498901835E+002   1
  -0.447741962520325831E+001   0.161798467185381334E+001   0.642167046149593261E+002   0.338287548544392484E+004  -0.898763013234431085E+000   0.834736284610634094E+000  -0.942647923603056270E+000  -0.364310236811057919E+001  -0.991484993394451308E+001  -0.933456803333719165E+000  -0.470724189935976369E+002  -0.486925628579239032E+002   1
  -0.434441767672042545E+001   0.168774090182185077E+001   0.537976302561024227E+002   0.337181839958485943E+004  -0.925864240418134088E+000   0.839701159045528112E+000   0.326998330027583606E-001  -0.360888983557367382E+001  -0.877835374490530818E+001  -0.804979163822597599E+000  -0.469176937018846871E+002  -0.478072546586888052E+002   1
  -0.659456276668840946E+001   0.277980920091278172E+001   0.308459051407491359E+003   0.339893631329994787E+004  -0.111298910409655338E+001   0.898276103373786494E+000  -0.306568757665890379E+001  -0.351760635627089613E+001  -0.976633509387581000E+001  -0.277349447882047073E+000  -0.467654789938196060E+002  -0.477372282746587473E+002   1
  -0.477936197644179739E+001   0.536005423982538787E+001   0.128932843593895115E+003   0.339478023061950989E+004  -0.110339121325934286E+001   0.870432143193525576E+000  -0.270218408603939064E+001  -0.350442692039933146E+001  -0.891699984946978930E+001  -0.560286027951569565E+000  -0.468706330330686640E+002  -0.475287993315073223E+002   1
  -0.465696250074390505E+001   0.253426987986964036E+001   0.955676111149860930E+001   0.340994828891860379E+004  -0.109454751525936711E+001   0.879811044706570122E+000   0.593803884326835174E+000  -0.348487633743148706E+001  -0.999088610794772869E+001  -0.546988270102444218E+000  -0.469270752346456277E+002  -0.477964959895885997E+002   1
  -0.345584699329164557E+001   0.509731908150492430E+001   0.446761391876995049E+002   0.341942928891265865E+004  -0.111681024795862793E+001   0.852347167001604955E+000   0.499426110420353453E-001  -0.336472016707360488E+001  -0.742229368117547228E+001  -0.553441996069670594E+000  -0.469865588185218854E+002  -0.474573094694825102E+002   1
  -0.502163973988745482E+001   0.326675752762484528E+001   0.721096657383268962E+002   0.339032757267029410E+004  -0.965306313688847339E+000   0.881006271793622009E+000  -0.293234909021699686E+000  -0.359030139647814472E+001  -0.997263941420942324E+001  -0.556400182831225720E+000  -0.467360729824727628E+002  -0.473599288841899195E+002   1
  -0.369918014164848241E+001   0.265727128787687406E+001   0.512301889829759602E+002   0.337038025275117707E+004  -0.972453428322197055E+000   0.768938945139260976E+000  -0.799709852212198591E+000  -0.360114926322727058E+001  -0.871442485211180973E+001  -0.438829707457266238E+000  -0.467198736691512053E+002  -0.473056405748519637E+002   1
  -0.303732128401977963E+001   0.425742313112592363E+001   0.435460687933016217E+002   0.340350811883334336E+004  -0.116457989954672581E+001   0.900406474150850844E+000  -0.105776872619574824E+001  -0.338666585583990454E+001  -0.925573448206850635E+001  -0.649387692869598965E+000  -0.470194119673558575E+002  -0.472964028632762634E+002   1
  -0.499185221971348980E+001   0.194796580855635959E+001   0.456721141878853700E+002   0.339322698827894737E+004  -0.959192894640777283E+000   0.896295968296537904E+000   0.306403652402833515E+000  -0.356804856582982666E+001  -0.760424891303844674E+001  -0.880058218923874591E+000  -0.471302692520308923E+002  -0.492667315524217031E+002   1
  -0.529669998092484295E+001   0.392272674176069458E+001   0.684755722590365963E+002   0.339735089290146743E+004  -0.927336598260755096E+000   0.898541399760955040E+000  -0.119958231038800633E+001  -0.369985402728880963E+001  -0.739598280183414403E+001  -0.772317844375630003E+000  -0.469515881508987150E+002  -0.484736809685699228E+002   1
  -0.539791434987883534E+001   0.585065793294114300E+001   0.169625619521284676E+003   0.340325854964379323E+004  -0.924728207078898023E+000   0.992585333847823215E+000  -0.138507959627275890E+001  -0.371694163663013644E+001  -0.930177147052603992E+001  -0.891500767478545342E+000  -0.471588697079975105E+002  -0.474910292595235006E+002   1
  -0.572909552465410332E+001   0.318817230128430751E+001   0.172115203260457804E+003   0.336823799956231687E+004  -0.111928407289657272E+001   0.967735226369488721E+000  -0.296690414728233876E+001  -0.361577938345791239E+001  -0.961184537921722182E+001  -0.617230494757629700E+000  -0.470564414059285028E+002  -0.510579224202842354E+002   1
  -0.495154335175039684E+001   0.573639247072087599E+001   0.371911277044953508E+002   0.339535951879412596E+004  -0.108510475586754485E+001   0.994329675246442779E+000  -0.282054483729365479E+001  -0.350600937007062541E+001  -0.903202178680343515E+001  -0.870443383553388017E+000  -0.469682494253044638E+002  -0.483806647951280198E+002   1
  -0.617557840937109859E+001   0.370841119141378073E+001   0.215090368695688994E+003   0.336770837650262501E+004  -0.102179571801121316E+001   0.915920795667166665E+000  -0.245368106973854339E+001  -0.358476405107120044E+001  -0.847944406642636395E+001  -0.608200347358675231E+000  -0.470096839053662165E+002  -0.481236978743614117E+002   1
  -0.633183566159121458E+001   0.240916251678014959E+001   0.104080602449496553E+003   0.339884048501392635E+004  -0.103422796896529512E+001   0.969249957609549906E+000   0.176635555713795966E+000  -0.358172478428316676E+001  -0.827027942563044149E+001  -0.591534792896478478E+000  -0.464762261931317227E+002  -0.476510304632029005E+002   1
  -0.561681553545299295E+001   0.494089404452463121E+001   0.298112719613717445E+003   0.339123409230764264E+004  -0.116292561603104261E+001   0.953715180120570327E+000  -0.183689553395182337E+001  -0.348711400640338809E+001  -0.935525747151781317E+001  -0.480853753899438630E+000  -0.469565392597243942E+002  -0.483348158548150906E+002   1
  -0.602209314541782437E+001   0.327479989299699170E+001   0.890141497615725683E+002   0.342670103964622558E+004  -0.111104472086003447E+001   0.997689727818409366E+000  -0.154750706558948226E+001  -0.346636829138445357E+001  -0.951801435539260865E+001  -0.552293378572393578E+000  -0.468131354063748120E+002  -0.478648906173636206E+002   1
  -0.668656816831887646E+001   0.390288540735695655E+001   0.267815620844341368E+003   0.340059061083463575E+004  -0.113762102044699542E+001   0.931143997744585894E+000  -0.756020877943965885E+000  -0.347217110822002439E+001  -0.971093261183408885E+001  -0.483091847076863701E+000  -0.464585203696419029E+002  -0.475822429078595093E+002   1
  -0.486595314434417503E+001   0.512542310152197622E+001   0.150745935901576075E+003   0.337955881470032864E+004  -0.116614923515788504E+001   0.953634759679363953E+000  -0.276772070966669226E+000  -0.347409652223476328E+001  -0.949782165603859063E+001  -0.678483184104905490E+000  -0.468143094552714700E+002  -0.476777075572636662E+002   1
  -0.518001411155696356E+001   0.508920622282968083E+001   0.191966602617718607E+002   0.336719680162801978E+004  -0.107754560998263393E+001   0.922147900135391163E+000  -0.287547099125718741E+000  -0.359036003484033905E+001  -0.864025830154855257E+001  -0.340438962926834066E+000  -0.468484337609491917E+002  -0.475946183019233331E+002   1
  -0.605459708244393369E+001   0.465005842526032431E+001   0.137391229371818099E+003   0.341702038928443426E+004  -0.112415652006492017E+001   0.944037785751439040E+000   0.183967674382324198E+000  -0.343874837445157056E+001  -0.793171135018135764E+001  -0.724327101117989258E+000  -0.472025457145387151E+002  -0.475862807264147776E+002   1
  -0.423608944213510696E+001   0.274363979323830520E+001   0.729320357304933964E+002   0.339173026156119704E+004  -0.103738173746730933E+001   0.984876986609011240E+000   0.100507802597782359E-002  -0.356310915200038991E+001  -0.945532509988218983E+001  -0.745384873015190408E+000  -0.466159842486732501E+002  -0.474065007674248946E+002   1
  -0.509780604139255367E+001   0.494606675999761514E+001   0.851259616587879151E+002   0.337298972680415000E+004  -0.950562493655148444E+000   0.932037088870665498E+000   0.577655288013858126E+000  -0.370890692338388028E+001  -0.812965941972130324E+001  -0.818271759983108637E+000  -0.468085876637394023E+002  -0.473838398891610524E+002   1
  -0.748936032803743146E+001   0.541105345952158423E+001   0.238424075716986067E+003   0.337530118082417766E+004  -0.103314424816579553E+001   0.959554025315910053E+000   0.283870001302001462E+000  -0.358730732300249322E+001  -0.879078724617846952E+001  -0.653113168392378540E+000  -0.468277250103077023E+002  -0.473185756177329537E+002   1
  -0.669602849602856232E+001   0.279528469274704783E+001   0.109495931997953676E+003   0.336396944850674345E+004  -0.110099302673159105E+001   0.948980983579648329E+000  -0.551048803096703566E+000  -0.360809035960361602E+001  -0.809361028167211138E+001  -0.669012835520522486E+000  -0.466757490382346631E+002  -0.473167203031881130E+002   1
  -0.511897526128068314E+001   0.572813905717065097E+001   0.912315186160030152E+002   0.341447091563525692E+004  -0.128356989944456146E+001   0.961924115064486385E+000  -0.114440655319728446E+001  -0.325788575323461949E+001  -0.924458456391039718E+001  -0.408319883593787125E+000  -0.467654330391934465E+002  -0.472565902386019019E+002   1
  -0.560979140082894467E+001   0.363075695251516528E+001   0.103884944113558888E+003   0.339713283130951959E+004  -0.107775370932226267E+001   0.962420232906918915E+000  -0.159785247629845362E+000  -0.350735161292020514E+001  -0.862166597313212435E+001  -0.725154484242361619E+000  -0.465001581977479503E+002  -0.472564704861867213E+002   1
  -0.544096997052390741E+001   0.434293927723465067E+001   0.111324676204027796E+003   0.339714523149970682E+004  -0.106287120391295442E+001   0.994248121045189448E+000  -0.128035738494993989E+001  -0.358640218512563891E+001  -0.965413352490712384E+001  -0.776204764033664674E+000  -0.465264334438514098E+002  -0.472488865664033071E+002   1
  -0.539479311964583896E+001   0.306614212936549713E+001   0.943770980095118119E+002   0.338863979543052483E+004  -0.114547989945992690E+001   0.936903845877404162E+000  -0.118206221654759691E+001  -0.348261999832944369E+001  -0.932862407457453280E+001  -0.517972786376741823E+000  -0.462074522362093276E+002  -0.472484678297477885E+002   1
  -0.419346188623738492E+001   0.446655077499408470E+001   0.521668637115200085E+002   0.338348728132852830E+004  -0.940357800384097331E+000   0.750881691267617946E+000  -0.300525984557904735E+001  -0.359071946718848345E+001  -0.891754688543096563E+001  -0.649636758274183990E+000  -0.467350098995683325E+002  -0.472466708290271455E+002   1
  -0.659907986483510456E+001   0.588530938560893269E+001   0.298564836164408405E+003   0.340328745697818749E+004  -0.112173763911798208E+001   0.954339835113162227E+000  -0.104335434699383933E+001  -0.353165007715964396E+001  -0.939444060355614496E+001  -0.474186779004439174E+000  -0.469981531074749412E+002  -0.472356222711929234E+002   1
  -0.476443501753998433E+001   0.155937850926483357E+001   0.976354335625878065E+002   0.336045243725116143E+004  -0.103144116847874656E+001   0.896411856074707636E+000  -0.165387661575755773E+001  -0.361616346720442206E+001  -0.798161988388492816E+001  -0.813002247494789998E+000  -0.470277657886604388E+002  -0.472220833272126725E+002   1
  -0.251337027143861835E+001   0.454641688561022050E+001   0.248912945935617316E+002   0.336349027483391546E+004  -0.903227279464923427E+000   0.728420576794818420E+000  -0.143534461467351804E+001  -0.366278008186700088E+001  -0.659922283620547567E+001  -0.627123123473630528E+000  -0.470624485587893346E+002  -0.484094281915568487E+002   1
  -0.452739728720095602E+001   0.578915766081505367E+001   0.762329250147440831E+002   0.335566933057141205E+004  -0.104261317559704292E+001   0.817886843346291359E+000  -0.231424733947170669E+001  -0.357512131542151135E+001  -0.645674124938886340E+001  -0.395571197265287111E+000  -0.469445491144732188E+002  -0.474658193302770428E+002   1
  -0.427156597458604992E+001   0.380144732021415521E+001   0.154333032010050690E+002   0.339120811242492618E+004  -0.934263343684929026E+000   0.750325683556459788E+000  -0.924568061065439206E+000  -0.360134818940308854E+001  -0.674477215093099147E+001  -0.396636702410631869E+000  -0.468585417979589565E+002  -0.474551290950647982E+002   1
  -0.325973767246335377E+001   0.307820112787611677E+001   0.346724448287628348E+002   0.341261004860848789E+004  -0.822885685964521940E+000   0.777264841904625969E+000  -0.243948765138514911E+001  -0.364622894588138458E+001  -0.788424228755135381E+001  -0.736470147693029986E+000  -0.471257916176880443E+002  -0.488879075571142252E+002   1
  -0.494558708523294044E+001   0.517088868471464025E+001   0.176419095490925173E+003   0.338970456028291983E+004  -0.894343989908811920E+000   0.726407048276580536E+000  -0.296177235686138918E+001  -0.358673346113834857E+001  -0.756382458527029922E+001  -0.447583480878117612E+000  -0.470525311746195527E+002  -0.482753415823259715E+002   1
  -0.444390271112611757E+001   0.512566545076398583E+001   0.140532047475819809E+003   0.339090805540429983E+004  -0.981400068638619061E+000   0.769506574183858927E+000  -0.170801920027344023E+001  -0.355224414500931651E+001  -0.527684936227966173E+001  -0.532128146275631764E+000  -0.470787779623458320E+002  -0.481674469088913852E+002   1
  -0.363833469128493547E+001   0.531352020033388683E+001   0.389202232238842853E+002   0.340748861377254798E+004  -0.860862026757793330E+000   0.694425026802627521E+000  -0.175297315223277916E+001  -0.355263752659752985E+001  -0.869385904262956899E+001  -0.429710851020004725E+000  -0.468186288982433396E+002  -0.483582588684275265E+002   1
  -0.395547151804538899E+001   0.558238136291194920E+001   0.332251259141272044E+002   0.342677018479524304E+004  -0.863280553512765891E+000   0.654223290983148242E+000  -0.245293096422907420E+001  -0.349124172700801516E+001  -0.779895015069743280E+001  -0.424043237272641704E+000  -0.470911417291693013E+002  -0.477241610210370126E+002   1
  -0.251420407754321040E+001   0.507695939084545955E+001   0.412096848373572158E+002   0.340247993786340248E+004  -0.108215285740322287E+001   0.858317026028296182E+000  -0.385296279798943564E+001  -0.344129047593641246E+001  -0.696974250424626085E+001  -0.629902001216844809E+000  -0.468849408867616191E+002  -0.488607785513556507E+002   1
  -0.152578400476058818E+001   0.377295315549802979E+001   0.255708394221760642E+002   0.337052688134754817E+004  -0.100089842933231665E+001   0.749309093299284967E+000  -0.357082063708708697E+001  -0.355224529962732483E+001  -0.850976462905746800E+001  -0.279322384709198346E+000  -0.471174428504778078E+002  -0.477502826505807931E+002   1
  -0.379505115938697823E+001   0.500880723767793512E+001   0.572088101641028786E+002   0.338508482775728953E+004  -0.895581532336800379E+000   0.625349639234249022E+000  -0.131450945662433227E+001  -0.351714395367924038E+001  -0.561958116463845769E+001  -0.482378994157931729E+000  -0.469421534061084600E+002  -0.476881194043377121E+002   1
  -0.351063865768204053E+001   0.310031825485250856E+001   0.279957309598421240E+002   0.339479998744789464E+004  -0.101219522207556079E+001   0.788933972403221162E+000  -0.385325670533795339E+001  -0.348927882263625655E+001  -0.692346958964667891E+001  -0.594578782789554339E+000  -0.465783129253526980E+002  -0.476808665993872083E+002   1
  -0.274618159558893637E+001   0.481276398906838310E+001   0.848430813622951696E+001   0.340260328046301720E+004  -0.950178253340322243E+000   0.838284127022487002E+000  -0.244865335443644927E+001  -0.353786899367096552E+001  -0.646301628753908997E+001  -0.669942347467692656E+000  -0.469368638346999987E+002  -0.475312886779666641E+002   1
  -0.466381264438199405E+001   0.225339134536215013E+001   0.360692272266109413E+002   0.342242602341642305E+004  -0.963627321254879377E+000   0.809559158020624281E+000  -0.280197426681168427E+001  -0.348720045480425700E+001  -0.644131716189839665E+001  -0.568079556876240233E+000  -0.471077128597794257E+002  -0.475052817599445802E+002   1
  -0.264327464989861127E+001   0.554654618953192902E+001   0.344781963259883071E+002   0.342037738033068126E+004  -0.955165842374084306E+000   0.652064999746545082E+000  -0.203607923122506840E+001  -0.339955671561789963E+001  -0.895971656254505078E+001  -0.321570286741136968E+000  -0.469832127688999961E+002  -0.473850942466992322E+002   1
  -0.537127192783377350E+001   0.200503694897869167E+001   0.771135504523193731E+002   0.338209745207898959E+004  -0.838249731613840865E+000   0.802716856260114575E+000  -0.243238401201150634E+001  -0.367904217486849294E+001  -0.848834236375283169E+001  -0.803383643734607134E+000  -0.472061317629824160E+002  -0.486055827296844498E+002   1
  -0.537753729440335260E+001   0.552266097753271445E+001   0.244713003976712926E+002   0.339002712948860108E+004  -0.106621857351945515E+001   0.883770690601886066E+000  -0.380978355091736764E+001  -0.351808486171942025E+001  -0.890215369097290221E+001  -0.700999738513683468E+000  -0.466125669306498480E+002  -0.479493972720615389E+002   1
  -0.475563131286104301E+001   0.200867763975459823E+001   0.369506779711728086E+002   0.337571630611769569E+004  -0.106011785563792049E+001   0.774288215165534588E+000  -0.304994068378985705E+001  -0.349486465353208686E+001  -0.711872686614344730E+001  -0.490319095228695545E+000  -0.469581204399057413E+002  -0.472401770367358012E+002   1
  -0.248098733974811658E+001   0.364128853224336346E+001   0.187558124659890630E+002   0.335816855729338613E+004  -0.108988764457203047E+001   0.895750115685210790E+000  -0.157799153192760055E+000  -0.358430088355198428E+001  -0.563588151469191345E+001  -0.527098061391976458E+000  -0.467692915456892067E+002  -0.477686233110914742E+002   1
  -0.534916918619598558E+001   0.480056598043569771E+001   0.524895225617725742E+002   0.339440988324568843E+004  -0.107883328237653142E+001   0.928738334915483854E+000  -0.241511147434106643E+001  -0.352526468669273729E+001  -0.730065575743931916E+001  -0.318250462546034285E+000  -0.465682012679827722E+002  -0.474637654107414804E+002   1
  -0.557522440363705662E+001   0.375642284307830820E+001   0.189439110365082911E+003   0.338550703050283346E+004  -0.101264033439272705E+001   0.904834314318456512E+000   0.276923960511967771E+000  -0.357307808604338462E+001  -0.555367544083024001E+001  -0.802846258374593447E+000  -0.470153224513146029E+002  -0.478122993204443247E+002   1
  -0.631784441845721112E+001   0.310012206620224084E+001   0.207941439829417220E+003   0.337461721805196566E+004  -0.991666753702125092E+000   0.988765267917754098E+000  -0.139246998866933769E+001  -0.367293926693991324E+001  -0.592675053696451215E+001  -0.920723522126412064E+000  -0.469162666053939219E+002  -0.486004673686410484E+002   1
  -0.625243876302354451E+001   0.452282740397368421E+001   0.302089162042371527E+003   0.338823661080593683E+004  -0.113182774125569185E+001   0.974353724325310200E+000  -0.314791331700772226E+001  -0.353867451552363832E+001  -0.651511652938654606E+001  -0.481879777172359525E+000  -0.464668574448644662E+002  -0.480169405357494412E+002   1
  -0.524818210319713074E+001   0.569038577790954037E+001   0.578568877540233544E+002   0.338880735595004671E+004  -0.100392702460217365E+001   0.924216140708338685E+000  -0.211115107896983512E+001  -0.368460731750107318E+001  -0.717989476523671577E+001  -0.647212349021806688E+000  -0.472027357509759966E+002  -0.485448593886125863E+002   1
  -0.388087031921546899E+001   0.485367934692723679E+001   0.521185638304224952E+002   0.335552955114498445E+004  -0.107134631508925438E+001   0.981798275974364199E+000  -0.236521617401507456E+001  -0.361499671642136722E+001  -0.581345496869565093E+001  -0.607061578970357729E+000  -0.470390225250619451E+002  -0.487636247456788468E+002   1
  -0.708907044444761070E+001   0.333354229353456688E+001   0.416002251127092165E+003   0.340296706111366484E+004  -0.105789911641270429E+001   0.971592385911568046E+000  -0.233786255176557400E+001  -0.360612774421989180E+001  -0.578520420335505747E+001  -0.484779960045377933E+000  -0.470728787994129263E+002  -0.484206608193178809E+002   1
  -0.765610921708474557E+001   0.411662232013496698E+001   0.450920067872811899E+003   0.338736466924015076E+004  -0.100866769864482464E+001   0.952675370854359382E+000  -0.258676813420644436E+001  -0.368677797121670459E+001  -0.652564832073557799E+001  -0.558917405676373491E+000  -0.469605757157105117E+002  -0.477747666345059443E+002   1
  -0.738660254291666440E+001   0.337104297652324014E+001   0.395214412744884783E+003   0.338144227324939493E+004  -0.109845155208333090E+001   0.989466293254290363E+000  -0.166981763863951516E+001  -0.354796469314472418E+001  -0.767509909224429521E+001  -0.641410050060725823E+000  -0.467005999741739899E+002  -0.476695557716599225E+002   1
  -0.557301331252749588E+001   0.459782636734249373E+001   0.138047471964508162E+003   0.338394565101957915E+004  -0.100800669896130124E+001   0.982782405658841451E+000  -0.531652386700151247E+000  -0.364765587595312013E+001  -0.639397855805650916E+001  -0.578856151140165309E+000  -0.467462888510284813E+002  -0.476612897579356840E+002   1
  -0.601419540792529173E+001   0.583049159618315294E+001   0.124577287838851973E+003   0.338736138386267521E+004  -0.100038202283069744E+001   0.958172343139356508E+000  -0.136569738030025256E+000  -0.362395696968010306E+001  -0.604604645843209898E+001  -0.471193080708181000E+000  -0.470788367077422265E+002  -0.474795006749252266E+002   1
  -0.649661927347018953E+001   0.387719765609407574E+001   0.963408618108757082E+002   0.337756594964743226E+004  -0.105344346614881168E+001   0.994992403845982087E+000   0.179416867763885435E+000  -0.358226106731831084E+001  -0.615727683373716239E+001  -0.817258230114266127E+000  -0.467530483798133432E+002  -0.474044519407993974E+002   1
  -0.848932407834296043E+001   0.511121788077560524E+001   0.332502056848780910E+003   0.338095182039434303E+004  -0.964659441754664115E+000   0.986278598207534385E+000  -0.116753126016190656E+001  -0.373935084491917902E+001  -0.539915551530359217E+001  -0.841007759823243717E+000  -0.470323577225343854E+002  -0.473080937963520824E+002   1
  -0.597558450093056326E+001   0.505325500422001994E+001   0.264036370279898279E+003   0.338664711099307715E+004  -0.106717569118629996E+001   0.938919485888165317E+000  -0.295023276176778726E+001  -0.359839944628049491E+001  -0.534799272815452387E+001  -0.720942882205733326E+000  -0.471781576709924693E+002  -0.473063244839854988E+002   1
  -0.638653025504743255E+001   0.362568865894853865E+001   0.885213101576367478E+002   0.338021687789651423E+004  -0.103623816832072624E+001   0.959152298730697961E+000  -0.291004228757528249E+001  -0.362589864251546601E+001  -0.583936272666619605E+001  -0.836197379775272864E+000  -0.467008057408112975E+002  -0.472909280735491606E+002   1
  -0.507201568164617367E+001   0.364421559348872037E+001   0.241308205972383512E+002   0.341124839513610141E+004  -0.106233119500621864E+001   0.992747485003785179E+000  -0.344365353512722727E+001  -0.350466292288060899E+001  -0.649460226289491871E+001  -0.612505352666662617E+000  -0.466913212612847417E+002  -0.472675681278691044E+002   1
  -0.754528501542688090E+001   0.370773781871950625E+001   0.267796524455465317E+003   0.338130864259801683E+004  -0.109174861782518029E+001   0.981673724639593459E+000  -0.192105684726336134E+001  -0.353432980464361712E+001  -0.764735742518966166E+001  -0.535692234877258144E+000  -0.468302490234937991E+002  -0.473029118645414002E+002   1
  -0.245096623401737723E+001   0.408354651942448399E+001   0.597597177632902454E+001   0.341325692938729435E+004  -0.119912159303310695E+001   0.993279091277982529E+000  -0.331331916787512348E+001  -0.338732010340838219E+001  -0.492731914763683143E+001  -0.569832200671831046E+000  -0.469039913075587620E+002  -0.479274167930867279E+002   1
  -0.553526548016500985E+001   0.313169807110274512E+001   0.174031885424735293E+003   0.338237918712086866E+004  -0.109044967961577388E+001   0.985991165965671490E+000  -0.807579455327295026E+000  -0.357877411625149389E+001  -0.603080621309126297E+001  -0.444038936473173607E+000  -0.465554092443377812E+002  -0.475182862030708506E+002   1
  -0.691623181090872841E+001   0.291282342983041787E+001   0.143772350844317998E+003   0.340547648026286879E+004  -0.110332478267005651E+001   0.944237181443982720E+000  -0.959444406835086916E+000  -0.349767244039931136E+001  -0.498368286799085602E+001  -0.552310842171371164E+000  -0.468538535780262038E+002  -0.476503664310280186E+002   1
  -0.487430235841496717E+001   0.478917117657581137E+001   0.212740453205944853E+002   0.339219128410333406E+004  -0.107120406459949535E+001   0.893469143121538245E+000  -0.290175246690102462E+001  -0.353191957466060824E+001  -0.581061408784155997E+001  -0.743034884725622291E+000  -0.468570740302859647E+002  -0.472334795490271304E+002   1
  -0.451208160982567286E+001   0.298879325081733604E+001   0.185419266647427285E+002   0.339867218649471215E+004  -0.102962822113234687E+001   0.804971465143841769E+000   0.931884641586798068E+000  -0.346676573251868803E+001  -0.992406495842403658E+001  -0.277273553778062620E+000  -0.465919197458399168E+002  -0.475972185527098546E+002   1
  -0.615961458178559251E+001   0.263778803672704143E+001   0.197587953616947260E+003   0.338203859433586786E+004  -0.112243013625937404E+001   0.947120942691790146E+000   0.413094397499958355E+000  -0.350036810720564162E+001  -0.812947689836339293E+001  -0.235961427444395966E+000  -0.468989594899212108E+002  -0.478325311166818068E+002   1
  -0.564360944576651669E+001   0.398615917742868042E+001   0.790042163645054814E+002   0.340428480993199400E+004  -0.113838758979712917E+001   0.901730498781362577E+000   0.169239956549369630E+000  -0.345602937459525705E+001  -0.849916535023309727E+001  -0.218668614158492147E+000  -0.465668711005675604E+002  -0.481771845792803646E+002   1
  -0.660269838122281438E+001   0.465664182121998493E+001   0.264986308008891058E+003   0.336277985155656916E+004  -0.126614991386257802E+001   0.943748108352808091E+000   0.395513979344547906E+000  -0.340137653274779872E+001  -0.850739747438694671E+001  -0.400665622216337169E+000  -0.469128796181271710E+002  -0.489457115870352766E+002   1
  -0.445916826468255589E+001   0.135082322982838665E+001   0.146934466616845384E+003   0.336775498151570355E+004  -0.136281675848282990E+001   0.950230187493772194E+000   0.199023646863173198E+000  -0.327709088209972421E+001  -0.808795529624318732E+001  -0.246079703921473936E+000  -0.471666960348029605E+002  -0.484794624888072718E+002   1
  -0.339898999852332828E+001   0.523854631726109687E+001   0.322621511533060925E+002   0.339666254525147633E+004  -0.118371190679854621E+001   0.859106095398574521E+000   0.264956341508681525E+000  -0.341724947921269706E+001  -0.976878231317870416E+001  -0.388581299486252973E+000  -0.467253777148908895E+002  -0.493478021339966517E+002   1
  -0.582713315765798434E+001   0.516111710923754075E+001   0.295051196891691461E+003   0.336402429861482506E+004  -0.128990174900715626E+001   0.952126053339968914E+000   0.570008466127855939E-001  -0.338747625025010635E+001  -0.921411121789222598E+001  -0.136311313652235810E+000  -0.467025352022423448E+002  -0.549714785288646581E+002   1
  -0.466304627526064142E+001   0.334216032948117991E+001   0.624240952386814385E+001   0.339107560279544850E+004  -0.132070033951652555E+001   0.913385005908310843E+000   0.654426528290064979E+000  -0.333044085117759980E+001  -0.935335416998659497E+001  -0.451422698704426750E-001  -0.466140971982393921E+002  -0.486827712354449318E+002   1
  -0.657471503674924573E+001   0.335192137767492326E+001   0.238545848797581442E+003   0.338106706470254358E+004  -0.124758498746675883E+001   0.986444495750161243E+000  -0.106166597943978624E+001  -0.338485561692526105E+001  -0.809274542885946069E+001  -0.322083405499403952E+000  -0.461387720515412525E+002  -0.482813853047386345E+002   1
  -0.423017854761480372E+001   0.595584596501261920E+001   0.869903108178088473E+002   0.337646584813212758E+004  -0.114611026837829932E+001   0.985439650862803607E+000  -0.101606608081655647E+001  -0.354155403854323403E+001  -0.868491198229017236E+001  -0.255724803309419713E+000  -0.469517025960720886E+002  -0.478901570977439945E+002   1
  -0.758891120537914077E+001   0.483221406039230672E+001   0.214581294213095816E+003   0.338004926590748391E+004  -0.120904770928577410E+001   0.965556313962829815E+000   0.778636503182922546E+000  -0.342818052241664528E+001  -0.973878519093482531E+001  -0.201881879095145322E+000  -0.463327138504164537E+002  -0.478459512479360782E+002   1
  -0.600905422678346213E+001   0.406656826588260145E+001   0.156622309924965094E+003   0.339725419627496649E+004  -0.113652180332082064E+001   0.900776352801074598E+000  -0.844196192368661169E+000  -0.344900483387816070E+001  -0.738581023555527238E+001  -0.402332947163026589E+000  -0.467632871386622995E+002  -0.507232584877802424E+002   1
  -0.446240814347868131E+001   0.406556692245596452E+001   0.312276774269454407E+002   0.336984603538636384E+004  -0.131467752519690162E+001   0.867380011014146968E+000  -0.396137646239278496E-001  -0.332242667052679241E+001  -0.754300452785435560E+001  -0.216629396730130708E+000  -0.467781297846383310E+002  -0.480446014660887073E+002   1
  -0.730200828475233354E+001   0.500488455758045703E+001   0.348068207581141223E+003   0.334878786209185910E+004  -0.119849854739797124E+001   0.977598593479767519E+000  -0.120380512397361628E+001  -0.348276138724537176E+001  -0.808011499457245108E+001  -0.506289853255877276E+000  -0.470994177931345064E+002  -0.477082509868191877E+002   1
  -0.642140723838667959E+001   0.297707283847373105E+001   0.332146189420518567E+003   0.338015904341866099E+004  -0.123486813041976529E+001   0.974719530693950231E+000   0.448570663086377941E+000  -0.334946207366321413E+001  -0.746705889073453211E+001  -0.326786795304311539E+000  -0.469829623901086606E+002  -0.476014681514897191E+002   1
  -0.524023305518265303E+001   0.554668339928373122E+001   0.111321291353661067E+003   0.335878765839923199E+004  -0.131411350954796013E+001   0.949660387624177593E+000   0.649189462099402093E+000  -0.340923212963687217E+001  -0.942351754004867459E+001  -0.270292140428919581E+000  -0.468611715696255402E+002  -0.475271657276922568E+002   1
  -0.635413067484245708E+001   0.223290954912649298E+001   0.229140084531427107E+003   0.338077206428297723E+004  -0.114046158390135410E+001   0.971757675333850379E+000  -0.384733165425052981E+000  -0.350148033371578293E+001  -0.814824651577730563E+001  -0.173181145112966561E+000  -0.470896339323062634E+002  -0.474678062478384746E+002   1
  -0.580240522870569109E+001   0.457568971798812285E+001   0.133855753361439554E+003   0.336640552559967682E+004  -0.119072580641950321E+001   0.930037619888838485E+000  -0.771123127594102620E+000  -0.349990421040532951E+001  -0.861398037866934985E+001  -0.461423133870377811E+000  -0.468156812180607673E+002  -0.474650223578016082E+002   1
  -0.373838424102362676E+001   0.343887709056311053E+001   0.678591395186021629E+001   0.339017145780251531E+004  -0.126362468721274279E+001   0.911694014373705119E+000  -0.614486684711640141E+000  -0.333886774209281167E+001  -0.877937088986177017E+001  -0.414149123072423464E+000  -0.464609617524581680E+002  -0.474171580708014417E+002   1
  -0.756400947404218815E+001   0.514210207526093654E+001   0.324543978956114643E+003   0.342910321543888358E+004  -0.133069029568748309E+001   0.988536629895999441E+000   0.518540647485488115E+000  -0.326624691267404454E+001  -0.906921288763387956E+001  -0.218741679318402049E+000  -0.470487081622569363E+002  -0.474085743114787448E+002   1
  -0.654007205027296923E+001   0.239854733404567178E+001   0.275040978416135147E+003   0.338410296782379100E+004  -0.120297115878439342E+001   0.929868739909342823E+000  -0.786126665511157618E-001  -0.346191990249431214E+001  -0.926062089179956160E+001  -0.190638761611513274E+000  -0.465295268639694513E+002  -0.473933540572369409E+002   1
  -0.575401686202514551E+001   0.146629496986357744E+001   0.303510208216989440E+003   0.337622706993574320E+004  -0.109221776545219029E+001   0.816586615621799350E+000  -0.255015932376672527E+000  -0.344660024977086366E+001  -0.910507502878472152E+001  -0.362154936958823725E+000  -0.470118292832200950E+002  -0.473777917886095707E+002   1
  -0.370961606390839194E+001   0.484578083753482680E+001   0.368527095564821252E+002   0.339138350532797176E+004  -0.110188508472928959E+001   0.968253721988035609E+000   0.461598184855891880E+000  -0.347749490458304322E+001  -0.909823891503850213E+001  -0.346341531607682995E+000  -0.470135452007910430E+002  -0.473266389814142556E+002   1
  -0.455129573538624488E+001   0.563229355725954051E+001   0.213418362458747168E+002   0.335609454248310840E+004  -0.130369117453915617E+001   0.939635061216035128E+000   0.993937285735798426E+000  -0.336485777958324483E+001  -0.687352110581100462E+001  -0.169958161089301285E+000  -0.466389647461716308E+002  -0.473085889683436491E+002   1
  -0.449535555056839087E+001   0.339626679320370428E+001   0.104433484118485289E+002   0.338360151858242625E+004  -0.139922708523749062E+001   0.969144637777686002E+000   0.586309829579803043E+000  -0.322606064981856200E+001  -0.782137808378858779E+001  -0.119177245840482726E+000  -0.461315081605192745E+002  -0.472609525379819004E+002   1
  -0.482072225171741664E+001   0.166236234030423446E+001   0.346377403978948237E+002   0.336496988056580813E+004  -0.136522698706547185E+001   0.831301094844390409E+000  -0.329616996192641842E+000  -0.321741055825455113E+001  -0.798068992999947024E+001  -0.209711257991283873E+000  -0.469297694564622674E+002  -0.498164125983641810E+002   1
  -0.312645035741017452E+001   0.589726933595282432E+001   0.800812990407344572E+001   0.337441842708940021E+004  -0.121566410775545819E+001   0.758480735101452197E+000   0.505014821903309041E+000  -0.330828823510617820E+001  -0.952846352018399934E+001  -0.158254073249516125E+000  -0.465027626687668487E+002  -0.473542727545611086E+002   1
  -0.710116507557585130E+001   0.423901090345818687E+001   0.246843118038348024E+003   0.338710625162823771E+004  -0.138022211158523600E+001   0.977178750354751546E+000  -0.600953712379090010E+000  -0.327240370176625639E+001  -0.950252299329727457E+001  -0.769960112564476162E-001  -0.460602751190213908E+002  -0.472646276381060630E+002   1
  -0.471725874812412993E+001   0.323982925005469902E+001   0.116221196308848036E+003   0.339839010607674936E+004  -0.144688061109094512E+001   0.918149987258147560E+000   0.270416232921585120E+000  -0.311775972065452400E+001  -0.721409484326735928E+001  -0.149415030858394360E+000  -0.468392593279718881E+002  -0.482737251021521274E+002   1
  -0.712066198462294153E+001   0.421280754496240739E+001   0.375742046816703407E+003   0.335652134172151636E+004  -0.133747624489401407E+001   0.973284883440031612E+000  -0.183876495635945503E+001  -0.332462236493044383E+001  -0.740805149931324891E+001  -0.388637496204410127E+000  -0.470979490553599547E+002  -0.474681483349350941E+002   1
  -0.576898354464623875E+001   0.564781487517973169E+001   0.100572574484829659E+003   0.336850370683970505E+004  -0.111095470853145528E+001   0.925157194298597441E+000  -0.157427628893165306E+001  -0.354823225507774875E+001  -0.952882701366938889E+001  -0.534241345802454859E+000  -0.464321746145059606E+002  -0.472568432492117054E+002   1
  -0.601649709906779684E+001   0.344611148379868837E+001   0.190036269655500405E+003   0.336542699288279937E+004  -0.115356699525187079E+001   0.969466518029215241E+000  -0.509773011654323316E+000  -0.349530270944398591E+001  -0.962873027956288219E+001  -0.599693738744477400E+000  -0.466210437675461620E+002  -0.472524276205759506E+002   1
  -0.643265956384644078E+001   0.380421244373073364E+001   0.828193141262598829E+002   0.339392425865735504E+004  -0.130457549000148987E+001   0.911468354534855862E+000   0.523287521443065451E+000  -0.327274293252186688E+001  -0.887651716643233968E+001  -0.149860427398708751E+000  -0.465838595905677479E+002  -0.472488632547000336E+002   1
  -0.407552290594729438E+001   0.431763040969775957E+001   0.301977323334963046E+002   0.339654758141291086E+004  -0.124409911637406445E+001   0.968847192132799462E+000  -0.246902271273958362E+000  -0.343638974757973159E+001  -0.858071117970922081E+001  -0.188242123190413224E+000  -0.469268653551705910E+002  -0.472471087038314934E+002   1
  -0.558694936570335798E+001   0.340112714219449153E+001   0.436102227462709138E+002   0.335776833402822649E+004  -0.144449902109884221E+001   0.946472062392799351E+000   0.112714669714311988E+000  -0.319372450419917264E+001  -0.769378740282622253E+001  -0.109450540785250183E+000  -0.471080651688193939E+002  -0.472278841600962025E+002   1
  -0.448454905692751282E+001   0.598213161123037551E+001   0.497217859922997718E+002   0.340956099438147294E+004  -0.121616199222235899E+001   0.894231435827496757E+000  -0.194010371224422595E+001  -0.336439433816983247E+001  -0.552170419703591442E+001  -0.478546263366524727E+000  -0.470649688665027313E+002  -0.476151534048407541E+002   1
  -0.531093606415368846E+001   0.298667277340813264E+001   0.426988757944483766E+002   0.340952832554779206E+004  -0.120182906298838788E+001   0.934486909533991827E+000  -0.114772747524394170E+001  -0.331364920706892541E+001  -0.629933496522031788E+001  -0.263873112753504557E+000  -0.468472929395066373E+002  -0.476070881225999329E+002   1
  -0.626311616155748752E+001   0.292729979667455353E+001   0.281997708971036367E+002   0.341102056059177903E+004  -0.114197281426600750E+001   0.859849030520329682E+000  -0.136263906676726876E+001  -0.336969853306333178E+001  -0.506428941097356322E+001  -0.257454970295874830E+000  -0.469739743087209547E+002  -0.473706705714122052E+002   1
  -0.434022847146742485E+001   0.216417247495344967E+001   0.667754528268933001E+002   0.338057262228270247E+004  -0.110091197930346407E+001   0.824292644608564329E+000  -0.739403001371628399E+000  -0.341133751224503889E+001  -0.678483738494216659E+001  -0.351459958060280186E+000  -0.466261442627980216E+002  -0.475989626112418165E+002   1
  -0.566348985600705124E+001   0.175173801618295855E+001   0.990317956748024670E+002   0.335061580228445291E+004  -0.138959336863883109E+001   0.968762519621199081E+000  -0.127400842967111716E+001  -0.331945927362332061E+001  -0.437768690459168042E+001  -0.159001469878106150E-002  -0.471796709976258271E+002  -0.478860194764384985E+002   1
  -0.536617891388353829E+001   0.325203264339275933E+001   0.177494707212417381E+003   0.341153921708667895E+004  -0.118433760261883680E+001   0.974445486430021601E+000  -0.718674660493404005E+000  -0.341019219597856349E+001  -0.640238903391748337E+001  -0.227503864787193422E+000  -0.467448624129051211E+002  -0.485955209255217184E+002   1
  -0.546746188240060427E+001   0.382513271198252269E+001   0.166455777753471381E+003   0.339968123080775194E+004  -0.120822496925183120E+001   0.878850944799485445E+000  -0.476557897553231857E+000  -0.332303739893113903E+001  -0.617145599780957621E+001  -0.226617935048539110E+000  -0.469174069795925348E+002  -0.484446164325104220E+002   1
  -0.553993871215069245E+001   0.214185325381928848E+001   0.226700653606277115E+003   0.337298197670274794E+004  -0.137125803024713111E+001   0.967491052158519604E+000  -0.123200570966729783E+001  -0.326284680198298727E+001  -0.591800974981977479E+001  -0.348628874488541740E+000  -0.468023114623027823E+002  -0.482205054886861078E+002   1
  -0.472995553330302609E+001   0.541541433490065671E+001   0.111130813502576956E+003   0.335385961423189292E+004  -0.122030844292258855E+001   0.917068378997487388E+000  -0.110250225867784479E+001  -0.344000269620232313E+001  -0.703339627165379788E+001  -0.432441572456969681E+000  -0.468785537965084345E+002  -0.487285985933859180E+002   1
  -0.699053579265377412E+001   0.409544750289091297E+001   0.388530442658935442E+003   0.339170510654007649E+004  -0.124099507830125688E+001   0.958820199124698958E+000  -0.462868179749750475E+000  -0.337840406830191498E+001  -0.594234977509530538E+001  -0.253516202638619959E+000  -0.461436762906361082E+002  -0.485920296292069125E+002   1
  -0.551405815067731009E+001   0.141768951048712388E+001   0.246433197985172654E+003   0.335768819320911280E+004  -0.132319445112545431E+001   0.947436048919952700E+000  -0.268394626016934978E+000  -0.332033151844100782E+001  -0.638008629091244295E+001  -0.386874763712526715E+000  -0.469272111964679368E+002  -0.485171665626006714E+002   1
  -0.539065602667647603E+001   0.280029992351016332E+001   0.158378401638696090E+003   0.337590537459497273E+004  -0.120169942476257319E+001   0.936547541480258872E+000  -0.284474730806336673E+000  -0.349562986088795924E+001  -0.531914590437243806E+001  -0.192433668586776463E+000  -0.470925533031229122E+002  -0.481891055206124932E+002   1
  -0.462303813730811441E+001   0.377071840657576018E+001   0.117300004582248633E+003   0.338928871561860751E+004  -0.133454975974631473E+001   0.853950164139726686E+000   0.346975945149685217E+000  -0.323331365267918969E+001  -0.477548553338359572E+001  -0.124494311029119231E+000  -0.471893917174389443E+002  -0.480593933978598571E+002   1
  -0.539316452714737959E+001   0.512477678605770848E+001   0.105990258990599443E+003   0.339114674319576125E+004  -0.126128141567683993E+001   0.993309950462754498E+000  -0.350678205743455873E+000  -0.339258110042166550E+001  -0.541384765996751316E+001  -0.599729598248458728E+000  -0.469549740211475068E+002  -0.479858975600035649E+002   1
  -0.468287044429584132E+001   0.226128173387755282E+001   0.131315087773045178E+003   0.337387288248123878E+004  -0.148200116002406901E+001   0.919200634243929393E+000  -0.217331127300162130E-001  -0.315739132362925545E+001  -0.690482970457826895E+001  -0.125228093541810637E+000  -0.469327879677056856E+002  -0.481708996328802783E+002   1
  -0.535945873966955055E+001   0.390430562961821437E+001   0.197852520215881299E+003   0.337173121337938710E+004  -0.125010712546104408E+001   0.987257997518951491E+000  -0.849069273969656813E+000  -0.343416966985531591E+001  -0.480793247029462822E+001  -0.361669262246429923E+000  -0.466866724932661796E+002  -0.478001500306106664E+002   1
  -0.294744943567531426E+001   0.136218487092731699E+001   0.295496472237468133E+002   0.333196671193009070E+004  -0.119771535475378155E+001   0.939598838961250848E+000   0.436799918322181568E-001  -0.351361990412588110E+001  -0.566028080949121470E+001  -0.228834261723241283E+000  -0.469186088492037143E+002  -0.477509757126680299E+002   1
  -0.583051712291663815E+001   0.206968970489697135E+001   0.148723494272856868E+003   0.335684951940822930E+004  -0.126323535196678982E+001   0.967020404472602957E+000  -0.101260025833142819E+001  -0.340055498649174925E+001  -0.496730312059093748E+001  -0.423942853799969654E+000  -0.468524076281527115E+002  -0.477207753313203682E+002   1
  -0.316600738172398799E+001   0.151339518284985974E+001   0.586219332654717533E+002   0.338116877880496531E+004  -0.115342260043713285E+001   0.791529907578901737E+000  -0.367159485059646684E+000  -0.333003745102471083E+001  -0.622600664075395738E+001  -0.103312488426510640E+000  -0.467413126020358760E+002  -0.475847405990127612E+002   1
  -0.532195772756256869E+001   0.120203867402230813E+001   0.210543947208458093E+003   0.333406978061638347E+004  -0.122005900261861822E+001   0.888046555862754827E+000  -0.435654464602126090E+000  -0.343888422546544259E+001  -0.695683898320014826E+001  -0.212984557008704556E+000  -0.467711752395576497E+002  -0.475460404776148238E+002   1
  -0.558362562623386882E+001   0.300064893368593744E+001   0.827217325980559792E+002   0.338758293030879486E+004  -0.116704677154777503E+001   0.949852810442820994E+000  -0.599989637736713100E-001  -0.346697577378085775E+001  -0.480894269975652300E+001  -0.460616508548273629E+000  -0.465360585091318555E+002  -0.475267206027847067E+002   1
  -0.605050595143979297E+001   0.202166273595130619E+001   0.214671839557177833E+003   0.334339956214231870E+004  -0.127855554557915418E+001   0.954111478575399907E+000  -0.721814380000167510E-001  -0.341431884804637598E+001  -0.667181014572663500E+001  -0.406496119751114549E+000  -0.471247480145406357E+002  -0.474770219204775259E+002   1
  -0.431706100766196865E+001   0.516388392875480662E+001   0.946950218435837883E+002   0.340642490155751102E+004  -0.111007855294399249E+001   0.858218876934291774E+000  -0.341194991608274822E+000  -0.343399583390026208E+001  -0.653970850301056217E+001  -0.315348292872940306E+000  -0.464593938849552330E+002  -0.474622380146461111E+002   1
  -0.512556895909133647E+001   0.238743227641375100E+001   0.195616386937025936E+003   0.340414808475061136E+004  -0.124920516468627962E+001   0.957390718543857266E+000   0.434920367119246976E+000  -0.332516782729890270E+001  -0.686260561904856559E+001  -0.516880722822453009E+000  -0.469795921344625498E+002  -0.480226144060917335E+002   1
  -0.584451646619256504E+001   0.177963033893646738E+001   0.274976447852699437E+003   0.339891471508194627E+004  -0.109941704998089040E+001   0.842491913620861066E+000  -0.119654389989727639E+001  -0.339374670591787364E+001  -0.615002400968315133E+001  -0.432181493613640555E+000  -0.471545920086319370E+002  -0.473523758882192283E+002   1
  -0.601087026827994286E+001   0.314471048679566678E+001   0.354495806713668813E+002   0.337883689295955764E+004  -0.122975780873861407E+001   0.978702949771724784E+000  -0.105755588921234711E-001  -0.342491254773853004E+001  -0.532204104460931848E+001  -0.465892947599048313E+000  -0.462928642393474448E+002  -0.473323708893228172E+002   1
  -0.243639284405891665E+001   0.378312576236559828E+001   0.271361851365686668E+002   0.338173643997694717E+004  -0.119214350118797441E+001   0.814928838323798699E+000  -0.897735489907366180E+000  -0.336014398238862899E+001  -0.449286672993861291E+001  -0.296109325690197878E+000  -0.470150112457041445E+002  -0.473045697880240539E+002   1
  -0.557185082949481902E+001   0.300799165607560504E+001   0.605312771211008993E+002   0.335482929856092960E+004  -0.128247414698875684E+001   0.893059723299999941E+000  -0.112073879142907895E+000  -0.337210545810207840E+001  -0.519300576221682952E+001  -0.108232526888397018E+000  -0.468553139392672762E+002  -0.472721371259887846E+002   1
  -0.451868865306390788E+001   0.189723585835508946E+001   0.754392409250894787E+002   0.334899896923575761E+004  -0.129438661457345017E+001   0.963018926974496203E+000  -0.204550880871173035E+001  -0.335448027737493071E+001  -0.571147760072275457E+001  -0.321310918301307424E+000  -0.468636701082300604E+002  -0.472637516813241945E+002   1
  -0.263481178390325432E+001   0.313977005422185229E+001   0.399744142844596766E+002   0.336913497449177521E+004  -0.133404558124263239E+001   0.886087602939641172E+000  -0.859021675527879225E+000  -0.334099384762327389E+001  -0.505070704585255115E+001  -0.910969580621703301E-001  -0.469537259483320710E+002  -0.472616560739592018E+002   1
  -0.284139879112428240E+001   0.159473635209009679E+001   0.355921114404953087E+002   0.337364606593468898E+004  -0.103793514837270884E+001   0.838771676322782822E+000  -0.356452846384555322E+000  -0.346507598627657920E+001  -0.654241925521667600E+001  -0.359933505283315469E+000  -0.469820565713657103E+002  -0.472320054933803419E+002   1
  -0.231625642241297225E+001   0.180450955342639396E+001   0.425537223683245074E+002   0.337973070452828233E+004  -0.109828432774301277E+001   0.759518712599424717E+000  -0.284315915695815047E+000  -0.336325032303439908E+001  -0.774576820742502647E+001  -0.227073826823506408E+000  -0.470659817077794926E+002  -0.472267230497185153E+002   1
  -0.441236054748198292E+001   0.407448057556248955E+001   0.933207366934166345E+002   0.337122398193787876E+004  -0.115903506000443546E+001   0.930505318030585338E+000  -0.129544175440130793E+001  -0.352347235906477607E+001  -0.930571193560692755E+001  -0.271548414917507586E+000  -0.467159790709326970E+002  -0.476861850825034637E+002   1
  -0.399221282154355173E+001   0.251985973457042434E+001   0.140562114148939585E+002   0.335071683655799052E+004  -0.114600717057366719E+001   0.891158909553829037E+000  -0.219006102384753465E+001  -0.349415519116512385E+001  -0.769265633469232313E+001  -0.352638068069625277E+000  -0.469271875693685701E+002  -0.473783081140842128E+002   1
  -0.638003871633805542E+001   0.414090601930465851E+001   0.151022804411327968E+003   0.336244318509237337E+004  -0.116684880573361838E+001   0.980650553970946692E+000  -0.191504378011000309E+001  -0.357898533233304050E+001  -0.887193599187008175E+001  -0.351075388970944147E+000  -0.469742181506098859E+002  -0.473664431749523942E+002   1
  -0.535621571153178877E+001   0.275631898695499800E+001   0.253000464468367113E+003   0.335750210237404144E+004  -0.114180383834225729E+001   0.948448503619188532E+000  -0.209723297635847894E+001  -0.353450224409928015E+001  -0.811363025815672501E+001  -0.369425019050645176E+000  -0.470932988221516027E+002  -0.473570487449026274E+002   1
  -0.234001354166781539E+001   0.265104217700450029E+001   0.282026962316737766E+002   0.341416821502178254E+004  -0.120672664870108459E+001   0.874486177588831737E+000  -0.391202728626761509E+001  -0.332352410527467246E+001  -0.998672549792399700E+001  -0.305623347044981841E+000  -0.465386770133989955E+002  -0.478397477790981469E+002   1
  -0.337525528759225857E+001   0.497142065135263422E+001   0.656645976897211483E+002   0.337380666361073099E+004  -0.117102069662101371E+001   0.750876322798689655E+000  -0.132124287766061066E+001  -0.341080868000705362E+001  -0.888910116501664760E+001  -0.195492258486915205E+000  -0.470338473076991335E+002  -0.476958071830502206E+002   1
  -0.290807930458535235E+001   0.422375262363673620E+001   0.227373753104798553E+002   0.338750098835519157E+004  -0.122900013669541330E+001   0.808706645467139218E+000  -0.170536965822300068E+001  -0.337597062585703434E+001  -0.824045606711469603E+001  -0.111658309656997190E+000  -0.468279822452244332E+002  -0.476387589103378417E+002   1
  -0.488235933716084869E+001   0.326560499019398698E+001   0.297849894729985749E+002   0.338153367919721995E+004  -0.116710804635974608E+001   0.957674365340445810E+000  -0.310989791497018553E+001  -0.347076824681035490E+001  -0.926623516876232145E+001  -0.187905515626166419E+000  -0.466920429712893679E+002  -0.475324854287942387E+002   1
  -0.321082092657462237E+001   0.512828918170750114E+001   0.325647397616089975E+002   0.336819610053445604E+004  -0.124959184466457796E+001   0.855392586547419675E+000  -0.235489117896846389E+001  -0.334626842476557496E+001  -0.996686396010438358E+001  -0.394379493943640469E+000  -0.468054345014143038E+002  -0.474424300369652059E+002   1
  -0.284851073205608785E+001   0.196874622837819047E+001   0.635852476842423400E+002   0.337308969719487095E+004  -0.118119270106463858E+001   0.816324802175133701E+000  -0.225562541496934443E+001  -0.337309650609930500E+001  -0.853897037453502250E+001  -0.358689252307158313E+000  -0.469726139641012139E+002  -0.474361900441937578E+002   1
  -0.484883242769567246E+001   0.114297565434551363E+001   0.352020010942353423E+002   0.331347311368975852E+004  -0.134771169871456031E+001   0.989958866122843784E+000  -0.114370040759055147E+001  -0.340607015779759337E+001  -0.900889554582114016E+001  -0.145841458778457778E+000  -0.469296406729915176E+002  -0.488037163291132003E+002   1
  -0.359654361916867149E+001   0.246911540257674034E+001   0.219552526186641934E+002   0.337234820030913625E+004  -0.118694335639890625E+001   0.809417372844866811E+000  -0.628216214921144100E+000  -0.344069347433835127E+001  -0.982189420164227478E+001  -0.731959759032445589E-001  -0.469658654824796216E+002  -0.494216323725229714E+002   1
  -0.436388008618317258E+001   0.100713490102375403E+001   0.517163424814576516E+002   0.332997740526530788E+004  -0.125928317983114280E+001   0.914553784425078620E+000  -0.340852110682677267E+001  -0.338531148331375498E+001  -0.937767993538716560E+001  -0.276103434401646197E+000  -0.468923999107192131E+002  -0.490156878279959045E+002   1
  -0.535639512158452380E+001   0.185906075700066609E+001   0.444757603432263906E+002   0.340146923597961541E+004  -0.130331618711360164E+001   0.815147438573982086E+000  -0.132170070627285741E+001  -0.315837549917606530E+001  -0.886759233014165105E+001  -0.306080123774687962E-001  -0.470531305596892935E+002  -0.487866502657475465E+002   1
  -0.556577469436429251E+001   0.225997729146253512E+001   0.527789467028344532E+002   0.336235374157770093E+004  -0.149388113104100473E+001   0.984928816634114357E+000  -0.198038062253293390E+001  -0.319485812378172440E+001  -0.974465343399523221E+001  -0.110123163656924206E+000  -0.466220514996137325E+002  -0.484947142338528323E+002   1
  -0.568116496104855173E+001   0.209488913516819864E+001   0.111059130383454232E+003   0.337452308040470916E+004  -0.125564073572002854E+001   0.858709958527963391E+000  -0.194905654780657889E+001  -0.327988620602853587E+001  -0.919674107023203824E+001  -0.250967379724933437E+000  -0.470113069592532113E+002  -0.483870183536224445E+002   1
  -0.618987114818062345E+001   0.312225916579226848E+001   0.212554367757644286E+003   0.339703291648810273E+004  -0.127636239147770603E+001   0.897478652754546857E+000  -0.239139298428776748E+001  -0.330586641926932501E+001  -0.938442448948275043E+001  -0.229761355579306326E+000  -0.463995130799695445E+002  -0.479523865111807979E+002   1
  -0.226012352906121095E+001   0.278241877217128852E+001   0.198521966904085616E+002   0.340956211878660770E+004  -0.110534732052655915E+001   0.747879491032741539E+000  -0.198714960461581880E+001  -0.339632762739195826E+001  -0.872124074751970468E+001  -0.124348637148932184E+000  -0.468928028274227984E+002  -0.476091059657488032E+002   1
  -0.566016918248576850E+001   0.535244499926766970E+001   0.235647090951621436E+003   0.341733732035823641E+004  -0.141485643159017194E+001   0.965859101632399630E+000  -0.218636098368614107E+001  -0.315438115648406647E+001  -0.996673898762328214E+001  -0.110326724570386503E+000  -0.466678676934554133E+002  -0.475635788527216761E+002   1
  -0.356777555561099557E+001   0.496761843367173483E+001   0.767204580074625113E+002   0.339044898008814334E+004  -0.116970178576254025E+001   0.679212850964786341E+000  -0.856446618786423919E-001  -0.325602795003076473E+001  -0.956852377482178973E+001  -0.103637058628315515E+000  -0.468642290734880191E+002  -0.475188358010593745E+002   1
  -0.560006001400096665E+001   0.425311630121440487E+001   0.112808879920867355E+003   0.340585997138777248E+004  -0.120250787273666848E+001   0.890026649378012680E+000  -0.137770265597418939E+001  -0.336475075449414973E+001  -0.819007720256925964E+001  -0.299077902234969883E-001  -0.467836209836265127E+002  -0.474338705394258895E+002   1
  -0.447685876852050324E+001   0.375612338334507001E+001   0.955012853294475228E+001   0.343333039612052880E+004  -0.133079770963559252E+001   0.966201925307726306E+000  -0.201627110859694980E+001  -0.319101880232289670E+001  -0.839819968600177091E+001  -0.295218236681781931E+000  -0.471527990400932069E+002  -0.477168411063533355E+002   1
  -0.471043637681235694E+001   0.291424031596146094E+001   0.107851037138569126E+002   0.336830282482891153E+004  -0.128074607035529642E+001   0.857144203856971210E+000  -0.242775631930175395E+001  -0.336996352665568377E+001  -0.805867422314549842E+001  -0.276641139918929468E-001  -0.467185230480620604E+002  -0.475933030914661899E+002   1
  -0.617910376882180845E+001   0.331240826686180689E+001   0.188402083891979743E+003   0.341342896776241332E+004  -0.139454134861927059E+001   0.981511469253141700E+000  -0.197551305974705738E+001  -0.317765604672943258E+001  -0.861446229193393798E+001  -0.558380006988414834E-001  -0.463476876587230961E+002  -0.474292245338176315E+002   1
  -0.481675960393637759E+001   0.294943630132095613E+001   0.630435606629662786E+002   0.339723046463193077E+004  -0.128660401722045847E+001   0.952235610061214599E+000  -0.350211026779229373E+001  -0.329391853241238319E+001  -0.972820328664248279E+001  -0.371353536246470384E+000  -0.463339091091550443E+002  -0.474035000809759524E+002   1
  -0.379398863531226738E+001   0.397984659514834149E+001   0.106207573238993803E+003   0.337245969192475332E+004  -0.118473741779982600E+001   0.800399336128089445E+000  -0.270836207251826977E+001  -0.336631016654029835E+001  -0.971666141264668859E+001  -0.138594635385961951E+000  -0.470023306815483508E+002  -0.473818656141973591E+002   1
  -0.507388808755424048E+001   0.119361472888473585E+001   0.156073427031488848E+003   0.334460540000472383E+004  -0.113423925789609203E+001   0.763866163802358056E+000  -0.964031339967778234E+000  -0.337810701543125536E+001  -0.860846146339102880E+001  -0.201441595893451009E+000  -0.464583617085626202E+002  -0.472861083266823528E+002   1
  -0.274618994319126397E+001   0.290342787816972070E+001   0.548352609128506643E+002   0.341384045341865431E+004  -0.118805728122143073E+001   0.973153148583079330E+000  -0.312476295186425146E+001  -0.339227707754338059E+001  -0.786033516831358270E+001  -0.303695233515714591E+000  -0.470042504848048424E+002  -0.474914996528640003E+002   1
  -0.511068936840417543E+001   0.446231354164543603E+001   0.167964697776752502E+003   0.339675658023599226E+004  -0.136793086276327092E+001   0.973779454613536544E+000  -0.282418117111172151E+001  -0.323412248370412492E+001  -0.653066931067485790E+001  -0.178966709211387354E+000  -0.462732008938406594E+002  -0.482889474911326886E+002   1
  -0.602751781844282952E+001   0.225416325352873415E+001   0.880714772569525763E+002   0.339418829250698218E+004  -0.122906173724085299E+001   0.866395770627203188E+000  -0.214801068683821583E+001  -0.335618328027713098E+001  -0.732677283551386438E+001  -0.477011350193077277E-001  -0.463904525503703908E+002  -0.482253430460030899E+002   1
  -0.267887746432134222E+001   0.436341444683898061E+001   0.308870222634295857E+002   0.339137949338549424E+004  -0.118889292250910650E+001   0.912295168600388839E+000  -0.265732577712413232E+001  -0.337360001001797283E+001  -0.701188910817556810E+001  -0.476995426866135830E+000  -0.464472538202495500E+002  -0.490620654844469470E+002   1
  -0.546017424178546840E+001   0.229824960548289781E+001   0.176793663772465976E+003   0.341922223576931765E+004  -0.132514174592467882E+001   0.898056757640779635E+000  -0.326474740707783129E+001  -0.319041643132449071E+001  -0.570751531491701591E+001  -0.220879747836118412E+000  -0.469754889523635981E+002  -0.477136265487180111E+002   1
  -0.493520211252549412E+001   0.445997476461702114E+001   0.119388575730573308E+003   0.340649163209223298E+004  -0.113238001748084738E+001   0.846695044140912678E+000  -0.351066573704839735E+001  -0.338917085526484474E+001  -0.554915253351688431E+001  -0.876953378537663752E-001  -0.467638163721221645E+002  -0.477925512920698878E+002   1
  -0.466012946505678727E+001   0.363710608227864540E+001   0.134575053464183071E+003   0.336502618992980842E+004  -0.126960277724258663E+001   0.926050916705595029E+000  -0.296569743953880227E+001  -0.336692866815900071E+001  -0.538914493780971604E+001  -0.362072510868415520E+000  -0.467610220859655286E+002  -0.475932306901815849E+002   1
  -0.450307658184341619E+001   0.541078006135344225E+001   0.262788333253603952E+002   0.337172305538396722E+004  -0.144375460287551061E+001   0.995206745878607357E+000  -0.319369356192319831E+001  -0.323033137923897318E+001  -0.696674707070516153E+001  -0.669628955503736023E-001  -0.462143021870028292E+002  -0.474877575952905673E+002   1
  -0.510741948317445882E+001   0.227303465676322425E+001   0.837179038349726454E+002   0.340631364354637617E+004  -0.117367194596214652E+001   0.881211246550609006E+000  -0.268970041306739738E+001  -0.340489350696324156E+001  -0.525418059178360597E+001  -0.244602978494244283E+000  -0.467104541297401212E+002  -0.474652673090410886E+002   1
  -0.613637182560523620E+001   0.419608436427131082E+001   0.110466969157655100E+003   0.335940231087220400E+004  -0.139866298844856907E+001   0.993121437445658728E+000  -0.311417833927152987E+001  -0.327032933998648900E+001  -0.629290384388944446E+001  -0.255202324288244853E+000  -0.468278073426627941E+002  -0.474107353293685989E+002   1
  -0.549228954983860973E+001   0.327735975940485957E+001   0.108256787074060526E+003   0.339573418072137292E+004  -0.145423596538754829E+001   0.891150447607134577E+000  -0.309682267986716209E+001  -0.313503903732112921E+001  -0.756043445477245690E+001  -0.685579601712298370E-001  -0.470407183932056867E+002  -0.472697858701700895E+002   1
  -0.365145252769579010E+001   0.109801105596927329E+001   0.120909264321655350E+002   0.331299283677743733E+004  -0.113620875155808143E+001   0.905066815316264872E+000  -0.201479965956304774E+001  -0.352098328136778793E+001  -0.685299973368405890E+001  -0.251001202961791847E+000  -0.466714515595353561E+002  -0.483937581716750600E+002   1
  -0.459924606136177339E+001   0.420485333443533449E+001   0.109739546542992798E+003   0.336116200785204182E+004  -0.126298751696220624E+001   0.881668034177218729E+000  -0.205474599702006877E+001  -0.333043078887428479E+001  -0.938425599968126356E+001  -0.174585607084489780E+000  -0.470178914588034118E+002  -0.472522741673425699E+002   1
  -0.422439778847023462E+001   0.558801530282610415E+001   0.718177685408548285E+002   0.343258365941922921E+004  -0.128758766993615392E+001   0.938646445311128730E+000  -0.347831376018222116E+001  -0.326418432620926779E+001  -0.700365095639580826E+001  -0.170513640723022775E+000  -0.470336286010562006E+002  -0.472369719364779925E+002   1
  -0.518010446547312942E+001   0.540511627006960538E+001   0.871020290343723502E+002   0.342079438714636535E+004  -0.138350767754033477E+001   0.946355783476630741E+000  -0.878466062355777844E+000  -0.313677750374553099E+001  -0.949127316723705761E+001  -0.149616455811372617E+000  -0.468556101950579560E+002  -0.472291567071081104E+002   1
  -0.226784566786261443E+001   0.416876009811852200E+001   0.259308782075221167E+002   0.337050782750972394E+004  -0.115419557132354544E+001   0.908044580634850051E+000  -0.261153842013185145E+001  -0.346564803685114953E+001  -0.939198784298351974E+001  -0.539975795586794760E+000  -0.465238588788642318E+002  -0.472278073380151326E+002   1
  -0.336077476050235902E+001   0.157321917827126256E+001   0.210279580294450206E+002   0.340574590267135909E+004  -0.117141991592480643E+001   0.932983582695264824E+000  -0.333941942815468717E+001  -0.337592967919317477E+001  -0.525241374009123163E+001  -0.200792496955834565E+000  -0.470690614645328083E+002  -0.472086951523560217E+002   1
  -0.998213237535465225E+001  -0.333935126120084913E+001   0.165426979464288735E+003   0.340210364788016705E+004  -0.986181392856410710E+000   0.681575275705515349E+000   0.861759792927205837E+000  -0.345191063355878480E+001  -0.750410587324767864E+001  -0.293039309644811397E+000  -0.470162842485572625E+002  -0.485313364522383068E+002   1
  -0.980583554979393490E+001  -0.230215628792479432E+001   0.540465062824393613E+003   0.339132413183440394E+004  -0.116402070099186439E+001   0.734544333900253976E+000   0.288309297729783864E+000  -0.331977353636421313E+001  -0.687806093130167540E+001  -0.204878764013493253E+000  -0.470092125517129276E+002  -0.481282172959988372E+002   1
  -0.960127193855272587E+001  -0.575465014425346233E+001   0.209249188717395320E+002   0.338339368037934628E+004  -0.116891180767575431E+001   0.832650966366970335E+000  -0.317787125979912632E+001  -0.338935129158251947E+001  -0.594686745633322023E+001  -0.345726463118854355E+000  -0.471716359861023307E+002  -0.479722411162975106E+002   1
  -0.980892712407946377E+001  -0.434549396638854191E+001   0.557657305643754398E+003   0.338310616511203898E+004  -0.111453963728791638E+001   0.928444079404255440E+000  -0.839476801155410790E+000  -0.348992049877874333E+001  -0.640046966946023943E+001  -0.697469435824743300E+000  -0.470995730008903095E+002  -0.478845483464303641E+002   1
  -0.996060432559530007E+001  -0.512146163206732297E+001   0.734534697457403013E+003   0.339128638260016305E+004  -0.107908076575603573E+001   0.725364619361075658E+000  -0.241899912125139016E+001  -0.342191957907171229E+001  -0.681407692367228179E+001  -0.366888018375547631E+000  -0.470621348686548870E+002  -0.483370235963342054E+002   1
  -0.989570363706328848E+001  -0.589801060701893842E+001   0.615686343607386220E+003   0.339976200844821369E+004  -0.101382423028079405E+001   0.817584460613907327E+000  -0.135855156980473923E+001  -0.350414248661515337E+001  -0.726146405704178655E+001  -0.573830990087593307E+000  -0.469752542251983911E+002  -0.480802398446756030E+002   1
  -0.974607900805546201E+001  -0.225295729320022575E+001   0.535370418244115285E+003   0.340509641890366993E+004  -0.128580409889482272E+001   0.910230613845784076E+000  -0.141006223634579264E+001  -0.327331274018513252E+001  -0.742631657428669545E+001  -0.738041748416726762E-001  -0.471484095389013547E+002  -0.497688079110829804E+002   1
  -0.992258410672063462E+001  -0.251714776679045160E+001   0.336450890140021443E+003   0.338562973301759575E+004  -0.139471953527164505E+001   0.859009181544628575E+000  -0.520326294562622138E+000  -0.317892683825643552E+001  -0.731818602066832824E+001  -0.200912216016995160E+000  -0.471442573009953776E+002  -0.515211627548670634E+002   1
  -0.982262193032763165E+001  -0.319027590378173542E+001   0.312959334291236928E+003   0.338155547183052886E+004  -0.121441660072367519E+001   0.826231031466667432E+000  -0.282669031246327940E+001  -0.337777589419778934E+001  -0.857697503398682670E+001  -0.634559112944526049E-001  -0.471310131826329695E+002  -0.498695846410205945E+002   1
  -0.965390855466945652E+001  -0.376411963697456020E+001   0.409089492858575568E+003   0.340814880983957573E+004  -0.128765024324414057E+001   0.904727692927824290E+000  -0.821169145243999310E+000  -0.325324782471049989E+001  -0.866205442797778602E+001  -0.196201570965543581E+000  -0.471697854066552722E+002  -0.482522846379487262E+002   1
  -0.981037168033945939E+001  -0.327926223551920915E+001   0.202334820073998401E+003   0.339252055376609997E+004  -0.122800395487917768E+001   0.977949726170788125E+000  -0.285374493047821831E+001  -0.341714095131150053E+001  -0.625574096203745089E+001  -0.238137106378058405E+000  -0.469076660839135968E+002  -0.480679033764294701E+002   1
  -0.971099066969162550E+001  -0.543113366509885598E+001   0.535130932571447374E+003   0.337771542193470759E+004  -0.136241326565345489E+001   0.945201995819507035E+000  -0.145882928813271828E+001  -0.326568487955533548E+001  -0.606264555682405426E+001  -0.226240123866684684E+000  -0.468497181374581260E+002  -0.495837988562583263E+002   1
  -0.974104364269780554E+001  -0.406474525662676101E+001   0.839854322117056427E+003   0.336181187230369324E+004  -0.117195355764867948E+001   0.896485797098455439E+000  -0.210541645225120977E+000  -0.345371955554668730E+001  -0.530130390672691654E+001  -0.476077123969625760E+000  -0.471447007130269000E+002  -0.482099068175464396E+002   1
  -0.991189828689084074E+001  -0.325013691949912786E+001   0.680359629781373201E+003   0.341326763764467751E+004  -0.120593045007124999E+001   0.998735320854501119E+000  -0.113859256943860387E+001  -0.338754474338136369E+001  -0.579220146784663559E+001  -0.355306565503754612E+000  -0.469807394901017901E+002  -0.482090938147900161E+002   1
  -0.967943172873123459E+001  -0.199142552951895269E+001   0.492602549919257399E+003   0.335656564772324282E+004  -0.127787107708025793E+001   0.911765818725259747E+000   0.178444854848343049E+000  -0.340066996373012032E+001  -0.662005783172594775E+001  -0.247796566929597617E+000  -0.471822637658711841E+002  -0.479264247557918850E+002   1
  -0.973981067099742148E+001  -0.458833987197048998E+001   0.641539130284945713E+003   0.340106172593367364E+004  -0.133960018589780194E+001   0.984714974144690558E+000  -0.194769004518475075E+001  -0.329237562330051059E+001  -0.954904784619577285E+001  -0.297458714769797794E+000  -0.470783863426504254E+002  -0.478392840736630944E+002   1
  -0.987821832748951323E+001  -0.281530883780986940E+001   0.842562075310219257E+003   0.336765343888629286E+004  -0.116896124496155096E+001   0.871182170601254136E+000  -0.163155348608896622E+001  -0.345447164661831962E+001  -0.934383126065161029E+001  -0.201994769328440071E+000  -0.469277927782401889E+002  -0.483032971456223947E+002   1
  -0.990625462621125230E+001  -0.177012213388964934E+001   0.907245773431278963E+003   0.336267482855264325E+004  -0.114824858008658826E+001   0.800800266458348009E+000  -0.878247764731916014E+000  -0.340326761944836242E+001  -0.790661677370749771E+001  -0.112423794317095371E+000  -0.469639271652394541E+002  -0.491409098804187821E+002   1
  -0.985933555552670704E+001  -0.274272197847833432E+001   0.791220967952961132E+003   0.339380387364055969E+004  -0.127733818292929868E+001   0.892413946829535787E+000  -0.179154060069425647E+001  -0.326936280059629159E+001  -0.625639196293002975E+001  -0.200239733104588424E+000  -0.467345447575210997E+002  -0.478516963702432037E+002   1
  -0.981171321331027002E+001  -0.360980688164286478E+001   0.616711558458152240E+003   0.336381854465862807E+004  -0.143848846152999066E+001   0.996759580959706071E+000   0.683983302777646074E+000  -0.326340216136762251E+001  -0.583920195631746886E+001  -0.152197200412498290E+000  -0.468632194103767219E+002  -0.477734100012285197E+002   1
  -0.990697710535254039E+001  -0.448194912733386186E+001   0.842511321299791575E+003   0.340193090680757768E+004  -0.150111218913828637E+001   0.994189287664911436E+000  -0.197994572462438789E+001  -0.312088805610512487E+001  -0.747231947745736846E+001  -0.240159850210126535E-001  -0.467139384300456300E+002  -0.477402125584622965E+002   1
  -0.992842345914974267E+001  -0.334124651379836601E+001   0.956263471320494546E+003   0.339662717144315275E+004  -0.139002331142292590E+001   0.956081139576423489E+000  -0.623350734342523527E+000  -0.324346478942541783E+001  -0.550944044679380962E+001  -0.140634652224285617E+000  -0.469660429381781199E+002  -0.477067189377035135E+002   1
  -0.993178022320095799E+001  -0.342490963214304145E+001   0.374494833633174323E+003   0.335867142941782276E+004  -0.147305857669473106E+001   0.992645990677516021E+000  -0.386409566792710546E+001  -0.324914369114459767E+001  -0.691721873770552076E+001  -0.122690026853728540E+000  -0.470114260385027620E+002  -0.476828837255750386E+002   1
  -0.988836181715084805E+001  -0.547166167728232367E+001   0.279019630230318569E+003   0.335315538682705210E+004  -0.128733167797578751E+001   0.898289204862877666E+000  -0.156345129258365789E+001  -0.339683870988719416E+001  -0.810324983352195893E+001  -0.233118430772075058E+000  -0.471176179206989687E+002  -0.476437595241374723E+002   1
  -0.970994925686909660E+001  -0.566484102199131634E+001   0.767795677032309300E+003   0.338254575812674284E+004  -0.108861137565760480E+001   0.753616167182055818E+000  -0.737181411412298093E+000  -0.339908959028663560E+001  -0.734595779430144802E+001  -0.367662569966032748E+000  -0.471529237085545674E+002  -0.475996063337273867E+002   1
  -0.969154898398013387E+001  -0.303157785281505765E+001   0.703140052181611964E+003   0.337156575520458227E+004  -0.124940553935534648E+001   0.868667883848502242E+000  -0.240590760934380032E+001  -0.333962452721596748E+001  -0.738835215113398469E+001  -0.209899667091109521E+000  -0.469277641997486512E+002  -0.475603906465512978E+002   1
  -0.981683198448457262E+001  -0.403315919103228815E+001   0.834381591997936766E+003   0.336468801142612028E+004  -0.106653886547101617E+001   0.838028968390567508E+000   0.398359060388222552E+000  -0.355253972050225375E+001  -0.949758930189214468E+001  -0.491367721109739364E+000  -0.470172412473308867E+002  -0.475299964691439953E+002   1
  -0.974354371365432925E+001  -0.227034963507940768E+001   0.505292750937734638E+003   0.339900533565767273E+004  -0.137707580850610789E+001   0.946071925211561915E+000  -0.343397006519461989E+001  -0.321233150502096532E+001  -0.516413411909938258E+001  -0.956826227880362978E-001  -0.469433059299608999E+002  -0.475268796569685179E+002   1
  -0.989118734036436287E+001  -0.276623235188265459E+001   0.940796395856608569E+003   0.339495647996486832E+004  -0.115786555642035349E+001   0.809470525989660183E+000  -0.395679438632014735E+001  -0.338668924507756941E+001  -0.718732564458910250E+001  -0.123608181970421782E+000  -0.471497414921858606E+002  -0.474764002092259929E+002   1
  -0.980356817526181956E+001  -0.186153979026241068E+001   0.852806056641392729E+003   0.337517394013824560E+004  -0.131874346713911272E+001   0.976942399568595965E+000  -0.202233248872074967E+001  -0.334038335182787360E+001  -0.911377003141777919E+001  -0.679347614903580421E-001  -0.469770583448210388E+002  -0.474602920695636286E+002   1
  -0.991609697358541808E+001  -0.579901856298251239E+001   0.753798933733308218E+003   0.338080984168103714E+004  -0.124664616190023558E+001   0.815526033227069957E+000  -0.551655509509508146E+000  -0.328577861673692162E+001  -0.770340898891125736E+001  -0.332460818281560933E+000  -0.470384605448603850E+002  -0.474553063667657398E+002   1
  -0.973737107991255968E+001  -0.260445447319698875E+001   0.634534727301991595E+002   0.336650438838177161E+004  -0.117822794711075041E+001   0.745783844820587349E+000  -0.270345396944839855E+001  -0.335128018142945105E+001  -0.748456027118314005E+001  -0.172702017501327632E+000  -0.471377682569566687E+002  -0.474365660768005952E+002   1
  -0.994521396214724085E+001  -0.229439251302584424E+001   0.713125305323620069E+003   0.340815078616097071E+004  -0.104838040369093388E+001   0.808462023389072471E+000  -0.999553699940675777E+000  -0.344194429972440563E+001  -0.916516495530222208E+001  -0.461920082181082492E+000  -0.470656366319964974E+002  -0.474338718119045950E+002   1
  -0.980558507343017638E+001  -0.216050296415464294E+001   0.677825639023491135E+003   0.338040500140575296E+004  -0.140741366147157354E+001   0.849673092681647146E+000  -0.204343009980946411E+001  -0.313935155095931595E+001  -0.757038046039950974E+001  -0.115191375343659530E-001  -0.469152354399825882E+002  -0.474285526298259583E+002   1
  -0.989468129608038716E+001  -0.371411067394486949E+001   0.970293628757731767E+003   0.340269412565007269E+004  -0.109181003006038591E+001   0.783512833345294757E+000  -0.246182615587954601E+001  -0.338208128144250697E+001  -0.857015622471474359E+001  -0.241260237277137080E+000  -0.470301532962510507E+002  -0.474212251877650957E+002   1
  -0.974364894088529532E+001  -0.417377711952424146E+001   0.900529237181132544E+003   0.339532027161025826E+004  -0.127929958653911591E+001   0.850667653843069749E+000   0.596782181428003433E+000  -0.325435753368316671E+001  -0.783821728092498038E+001  -0.382695872042759788E-003  -0.471055241328537164E+002  -0.474103352192038869E+002   1
  -0.990850021483734089E+001  -0.360398105908343425E+001   0.816925393503708733E+003   0.338103278873128784E+004  -0.945707405451260641E+000   0.848070184966056573E+000  -0.229115601284782056E+001  -0.364319089272590624E+001  -0.842892747509734974E+001  -0.565422757286421884E+000  -0.471310596504886519E+002  -0.474022128961696723E+002   1
  -0.995482824328269089E+001  -0.317960205205503499E+001   0.592687223218845361E+003   0.337912224189681774E+004  -0.953226554900487244E+000   0.723686625249054138E+000   0.564041680190851658E+000  -0.354137832359623150E+001  -0.929008647206432947E+001  -0.522638642560792732E+000  -0.469504454487343779E+002  -0.473968937712576661E+002   1
  -0.982872927127926310E+001  -0.313844398981998829E+001   0.665334849025057224E+003   0.340703238563505738E+004  -0.126461586211151289E+001   0.810710055076922176E+000   0.215815494517825002E+000  -0.323513804492898593E+001  -0.708393544877002057E+001  -0.164277266642971043E+000  -0.470204796363950521E+002  -0.473855553623083736E+002   1
  -0.988075623387295465E+001  -0.359584026035539406E+001   0.753274113140538816E+003   0.339640543923220503E+004  -0.124111972272814963E+001   0.781486320468420814E+000  -0.232725614151034677E+001  -0.329048774430858426E+001  -0.933232486670693895E+001  -0.228939254544728854E+000  -0.471826155665899307E+002  -0.473668911197518554E+002   1
  -0.972550630053491894E+001  -0.268730208659374359E+001   0.404195140249365181E+003   0.339081258896637655E+004  -0.131018650090218269E+001   0.940477688179829796E+000  -0.306284506464755157E+001  -0.328722092476927585E+001  -0.876465978291817116E+001  -0.119146151292223834E+000  -0.468067963573455899E+002  -0.473489988485564339E+002   1
  -0.994379633120549578E+001  -0.337947521109493376E+001   0.652480170238459777E+003   0.337961164983113895E+004  -0.115687696996918010E+001   0.766473496271119936E+000  -0.350994811899281833E+001  -0.335918145727012885E+001  -0.749369356170351431E+001  -0.354923921274282961E+000  -0.469066261362028385E+002  -0.473403880138540885E+002   1
  -0.986271597844840109E+001  -0.445063938211568555E+001   0.290848409634847712E+003   0.338300175961392506E+004  -0.116048605897856216E+001   0.779919693301537098E+000  -0.162640090981844310E+001  -0.335512908983248614E+001  -0.652708568500013087E+001  -0.967557296831778046E-001  -0.469873996555207469E+002  -0.473378613462156039E+002   1
  -0.994187203959141996E+001  -0.455870245613898373E+001   0.807559808514575707E+003   0.338872695680565084E+004  -0.128822509619825620E+001   0.925459366321606858E+000  -0.211426227575985637E+001  -0.328169227422302701E+001  -0.904249930681441683E+001  -0.465324273444512215E+000  -0.471610906248973336E+002  -0.473201583877574166E+002   1
  -0.970420795921376467E+001  -0.559293315597302332E+001   0.777458895949604425E+003   0.337345661523136005E+004  -0.116370556419427551E+001   0.817409289898814340E+000   0.494263842097977246E+000  -0.339644283906528166E+001  -0.661802266577921294E+001  -0.333800291897297541E+000  -0.469902474593330837E+002  -0.473074214236400792E+002   1
  -0.994930938940603049E+001  -0.165338079820091099E+001   0.807103366193969805E+003   0.337897597001061013E+004  -0.122980893211479270E+001   0.788365315614425466E+000   0.505551025900260242E+000  -0.330029087281381805E+001  -0.794011759249906923E+001  -0.426877228079494131E-001  -0.468238896821180077E+002  -0.472851452858841199E+002   1
  -0.988705475936697198E+001  -0.516091939814588851E+001   0.491448348600315228E+003   0.338614629486354124E+004  -0.121670022753901996E+001   0.773870371812221292E+000   0.238016250591821965E+000  -0.326593552772369300E+001  -0.539758131363991733E+001  -0.629783110784405409E-001  -0.471516054945304219E+002  -0.472800903733770710E+002   1
  -0.989511186380012830E+001  -0.165874501914431605E+001   0.190320435053353776E+003   0.340398126305308097E+004  -0.134844872103515367E+001   0.980683666062009074E+000  -0.132087481353227609E+001  -0.323976589255556213E+001  -0.940315585017221167E+001  -0.144701910784375443E+000  -0.470238172647085833E+002  -0.472630855668774359E+002   1
  -0.976123929471434515E+001  -0.236026269788452758E+001   0.469928616121976233E+003   0.337111546494147206E+004  -0.133821390031526466E+001   0.860072907360122763E+000   0.620771246859333381E+000  -0.329950819138079154E+001  -0.580945979465169238E+001  -0.100894595489329220E-001  -0.471586828810239069E+002  -0.472501906242667502E+002   1
  -0.975414591826322308E+001  -0.284033921289973978E+001   0.415194754659027637E+003   0.336818086356502909E+004  -0.104612560872251326E+001   0.933795932377045279E+000  -0.170341906768388940E+001  -0.360891208334107105E+001  -0.872388133475406491E+001  -0.733275743777477729E+000  -0.471594564693077771E+002  -0.472419941976929749E+002   1
  -0.997276205667698079E+001  -0.594381887627812677E+001   0.478248021441417052E+003   0.339319705492507865E+004  -0.113964409244536569E+001   0.873107325875841944E+000  -0.337076788796481530E+001  -0.343537179014768856E+001  -0.806379059152641453E+001  -0.596547455740704891E+000  -0.470367839329434787E+002  -0.472364171298290785E+002   1
  -0.997554196321547693E+001  -0.349650395189440966E+001   0.854902036235558512E+003   0.340529113153456728E+004  -0.116994088671670937E+001   0.982971013623668455E+000   0.240783846077475161E+000  -0.340358354457767476E+001  -0.911524997898070666E+001  -0.467053792814919433E+000  -0.467709117374530692E+002  -0.472340598369933460E+002   1
  -0.975121943143203929E+001  -0.557563306693659033E+001   0.928082360461069015E+003   0.339371827238361584E+004  -0.128710687553927361E+001   0.856915483464810945E+000  -0.353347247044422685E+001  -0.327416060606066317E+001  -0.976256014316044940E+001  -0.287388073355295148E+000  -0.471770521729094412E+002  -0.472124321146570693E+002   1
  -0.996006172345114749E+001  -0.392661655996862358E+001   0.465484041135128052E+003   0.340785499528916171E+004  -0.112832677166670337E+001   0.869207767720879820E+000   0.812149945353107583E+000  -0.344297661976703218E+001  -0.691608290790898561E+001  -0.364547167883914724E+000  -0.470660625538239401E+002  -0.472107468537505639E+002   1
