  -0.679053989070388031E+001  -0.566739598817762413E+001   0.588269934152022529E+003   0.199313643699408908E+004  -0.312539204435603235E+001  -0.698005472521173731E+000  -0.693543123124256589E+000  -0.103229227329638951E+001   0.844902577071595662E+000  -0.621326895748261712E+006  -0.622291596699504880E+006   1
  -0.693324888805084871E+001  -0.541202101472330099E+001   0.444253666373815292E+003   0.208568162926076138E+004  -0.344905412969360636E+001  -0.746170524516493683E+000  -0.137676946808080380E+001  -0.110259888436068665E+001   0.798219647358069162E+000  -0.621267583216609317E+006  -0.622055570213329280E+006   1
  -0.691761329371306122E+001  -0.554626924429474055E+001   0.782515148235905713E+003   0.206517917533147784E+004  -0.425254229705636444E+001  -0.976060331272780912E+000  -0.146106689468890671E+001  -0.107339855041654331E+001   0.829143603217350145E+000  -0.620893012782674399E+006  -0.622147318568019196E+006   1
  -0.676248486654262848E+001  -0.419326911832542848E+001   0.680487006638758317E+003   0.197853389643263199E+004  -0.215596978370015613E+001  -0.700123466034140107E+000   0.724677656605434706E+000  -0.103161596457278981E+001   0.812059392509386635E+000  -0.621034013811727636E+006  -0.621671562632019748E+006   1
  -0.697181733028136019E+001  -0.233866375406919236E+001   0.742508309343925589E+003   0.206602608924730157E+004  -0.476858805447101730E+001  -0.835923379036535241E+000  -0.365682325337917113E+000  -0.132330592417309401E+001   0.857457830491402784E+000  -0.620551396385134198E+006  -0.625546864993628813E+006   1
  -0.682463381092276222E+001  -0.554549470507741127E+001   0.518817102794170296E+003   0.201853593431918648E+004  -0.265870740583520870E+001  -0.324250703622668168E+000   0.194673319435607617E+000  -0.126301668865011485E+001   0.850018214435657726E+000  -0.620455805937978672E+006  -0.622235387679567910E+006   1
  -0.673163308904176105E+001  -0.220203271020241198E+001   0.546257141127537579E+003   0.198602889345972426E+004  -0.259770855401081668E+001  -0.763848671792139444E+000  -0.542323697452578468E+000  -0.119247453451365826E+001   0.837019697083485448E+000  -0.620236971511429758E+006  -0.622213540274149389E+006   1
  -0.701190785850046439E+001  -0.445700387260871889E+001   0.631037725345718854E+003   0.208086060026921632E+004  -0.475672738968929032E+001  -0.391210199145847537E+000   0.140096582356300736E+000  -0.126191331973364118E+001   0.884082161257036536E+000  -0.621428904587312485E+006  -0.621975813482893049E+006   1
  -0.685517535926988586E+001  -0.143072798830492864E+001   0.766821262886720092E+003   0.199708964144747983E+004  -0.235216455635580513E+001  -0.735789230384875204E+000  -0.249144701045171502E+000  -0.144673678761511049E+001   0.826675053283304595E+000  -0.620778721504779416E+006  -0.624013895027704770E+006   1
  -0.699399494292642920E+001  -0.293989563733931458E+001   0.632741507458839010E+003   0.207700501687238648E+004  -0.278461221366171863E+001  -0.511767841018077041E-001  -0.114647327287760925E+001  -0.148250538924615327E+001   0.863562893009299448E+000  -0.620710857219779631E+006  -0.623426378664073418E+006   1
  -0.687420956043337306E+001  -0.425755116964295954E+001   0.841734008970379023E+003   0.203465196385295940E+004  -0.190843734765057604E+001  -0.182834076734432971E+000   0.342933860272049529E+000  -0.133379072743080473E+001   0.805477359413682148E+000  -0.621035881554532913E+006  -0.623470256665215478E+006   1
  -0.685727065916302436E+001  -0.478431047109713514E+001   0.878235013796709381E+003   0.200763907787249195E+004  -0.259208309137113879E+001  -0.713132857052335756E+000  -0.161295143152522691E+000  -0.129621476706908534E+001   0.810135360789713821E+000  -0.618959593416244839E+006  -0.626388355133682955E+006   1
  -0.698973512642886252E+001  -0.596310598350224108E+001   0.963122272497817903E+003   0.203642305084452710E+004  -0.371146969141770366E+001  -0.342119731803439242E+000   0.330930204613782308E+000  -0.148960992690211613E+001   0.876098627724119949E+000  -0.620526266978277010E+006  -0.624463380370825296E+006   1
  -0.685572091569746611E+001  -0.554589616762145443E+001   0.671481324134134752E+003   0.202914156422727797E+004  -0.339541258310032923E+001  -0.210781709853554711E+000   0.535272762871432661E-001  -0.135760464035298734E+001   0.860364413389548166E+000  -0.621458686562154326E+006  -0.622079902126561617E+006   1
  -0.690781915169532645E+001  -0.597273144362381814E+001   0.561546807700760723E+003   0.201896545557522541E+004  -0.907629028628747392E+000  -0.295713461898651220E-001  -0.134396511557912657E+001  -0.149161861603218249E+001   0.844413042248256862E+000  -0.620955979690760840E+006  -0.622020336272932822E+006   1
  -0.683749641541756770E+001  -0.498397287844015402E+001   0.417368812674207788E+003   0.202987153277551010E+004  -0.398328143594386841E+001  -0.826277486330024846E+000  -0.638232750722074194E+000  -0.135049795207522716E+001   0.849649661874366524E+000  -0.620893284726236016E+006  -0.621881439731499529E+006   1
  -0.704090004093263033E+001  -0.542652733495259909E+001   0.770326634634951461E+003   0.208681489580842936E+004  -0.460142711442989150E+001  -0.443156759712274972E+000  -0.558724120048727180E+000  -0.118317596530941893E+001   0.849922550776131436E+000  -0.621242423304106458E+006  -0.627618130785390618E+006   1
  -0.694265515616936213E+001  -0.541524480007222309E+001   0.745714060354146341E+003   0.204976435935758946E+004  -0.345892117870460236E+001  -0.406382948863147297E+000  -0.155152170740000095E+001  -0.146196170836641137E+001   0.835847183946291428E+000  -0.619417548835470458E+006  -0.624319402127652895E+006   1
  -0.709819454542914041E+001  -0.413333032981583415E+001   0.898837122913533904E+003   0.209419561749218065E+004  -0.432004050397018258E+001  -0.666539375416804081E+000  -0.360205854455725394E+000  -0.134901664930351672E+001   0.825476544949724222E+000  -0.621020449116789969E+006  -0.622123467090237304E+006   1
  -0.678066331487048579E+001  -0.566139821715879954E+001   0.852000046591006708E+003   0.199617414540760706E+004  -0.270287136394620475E+001  -0.426553710693889254E+000  -0.159020229088467824E+001  -0.125053334693892992E+001   0.811241591015822494E+000  -0.620821238398805377E+006  -0.627256928623800748E+006   1
  -0.697151317904658807E+001  -0.249996412382372002E+001   0.916034517284626986E+003   0.204721465690856917E+004  -0.794190347755844250E+001  -0.775366313088828862E+000  -0.717744536286414991E+000  -0.135355584725890976E+001   0.864567581221811432E+000  -0.621089275254783803E+006  -0.622374560581893893E+006   1
  -0.710623293754560237E+001  -0.546578295884329357E+001   0.968649803139451933E+003   0.209068897532791925E+004  -0.642999807998755202E+001  -0.859218510226460341E+000  -0.127569478557374527E+001  -0.148277691951282953E+001   0.790932253857164036E+000  -0.620916819048277219E+006  -0.623023745870878338E+006   1
  -0.696167023979206689E+001  -0.459357556861510563E+001   0.901652833961626357E+003   0.205190385619023164E+004  -0.477019831120584392E+001  -0.268101871143125114E+000   0.590275104106133597E+000  -0.136810270541772372E+001   0.773810620076738065E+000  -0.621507653739729547E+006  -0.621732873778872890E+006   1
  -0.697602650180746231E+001  -0.570309715388817740E+001   0.776161476632989661E+003   0.207244150440522208E+004  -0.326634028625906669E+001  -0.616811721373031530E+000  -0.147304290231129809E+001  -0.136678254322397130E+001   0.841458468444928109E+000  -0.620886140277773840E+006  -0.621732532367812702E+006   1
  -0.704567621373060504E+001  -0.350605633634927294E+001   0.881240497672534389E+003   0.206584138214176710E+004  -0.442909369834387334E+001  -0.982236783634790944E+000  -0.269716515253721978E+001  -0.147578411570898660E+001   0.856049736142960427E+000  -0.620397808217016631E+006  -0.622534145520709106E+006   1
  -0.691177118761133080E+001  -0.505119174937586202E+001   0.832812020325670460E+003   0.198537206095751503E+004  -0.217937982878324732E+001  -0.773157568969087272E+000  -0.221875360904748753E+001  -0.141120505627504689E+001   0.874858944512120762E+000  -0.621485577625825652E+006  -0.622128400672108633E+006   1
  -0.695894127081515013E+001  -0.380828931537242710E+001   0.977968383497770105E+003   0.204962901827579572E+004  -0.581005953282000664E+001  -0.578490641561535179E+000  -0.252103489384119950E+001  -0.140905777619439077E+001   0.753644372808510821E+000  -0.621077712957947282E+006  -0.621859464057999547E+006   1
  -0.689862280910756098E+001  -0.480133052865501675E+001   0.914838294280710556E+003   0.204742460793469604E+004  -0.382220753328001983E+001  -0.638147176515128978E+000  -0.291479788858876088E+001  -0.123018490170066741E+001   0.774911563563618788E+000  -0.621092981564990012E+006  -0.621718766927212244E+006   1
  -0.693407373582789344E+001  -0.879903321808501282E+000   0.687175503366698877E+003   0.203215902121557792E+004  -0.420334168213481263E+001  -0.556703397860209726E+000  -0.107217166476730430E+001  -0.139130423664634462E+001   0.865392555130461760E+000  -0.621421912611763109E+006  -0.621693244555284851E+006   1
  -0.672853064194989159E+001  -0.153215196551383315E+001   0.606872878311272643E+003   0.196161197087751589E+004  -0.239401879850267463E+001  -0.657542881420360770E+000  -0.436008261285708798E+000  -0.121193082610173652E+001   0.850353062660388681E+000  -0.617898353383989539E+006  -0.621793532854899415E+006   1
  -0.689966709941264966E+001  -0.438881388022892338E+001   0.326904175130513408E+003   0.204173918844620107E+004  -0.409890934329603063E+001  -0.754300378995977350E+000   0.310417970327648618E+000  -0.145585330815918912E+001   0.771362257168135446E+000  -0.620164934865167132E+006  -0.622285756750119384E+006   1
  -0.693013439213034754E+001  -0.163613661758099660E+001   0.582190143539129622E+003   0.207304946819449924E+004  -0.573702883278240172E+001  -0.510579412138544741E+000   0.473528511352649950E+000  -0.135761883100685576E+001   0.779006945322304190E+000  -0.621421459059718065E+006  -0.623694192535227630E+006   1
  -0.686583457900945859E+001  -0.379954018403621685E+001   0.568375939790746315E+003   0.202092215544101327E+004  -0.436296920722307746E+001  -0.484701411173726449E+000   0.916847196390362384E+000  -0.144387365642800858E+001   0.808274506194166964E+000  -0.621208472039367189E+006  -0.622177798262501019E+006   1
  -0.691511752001022195E+001  -0.377590712877159795E+001   0.291988013895635333E+003   0.204695953205485034E+004  -0.331861102504931438E+001  -0.719480154202582156E+000  -0.425799274823299712E+000  -0.135624650360903543E+001   0.753547706962035657E+000  -0.620395569277445087E+006  -0.622330583200011752E+006   1
  -0.694430738751097110E+001  -0.298529295376621739E+001   0.661244935885431801E+003   0.204676708600645020E+004  -0.165746609386556099E+001  -0.105164622560408039E+000  -0.929257768997205247E+000  -0.140986165098153160E+001   0.766980608245155460E+000  -0.620719595181323471E+006  -0.628383391428115545E+006   1
  -0.698815905307922591E+001  -0.404946214202867871E+001   0.885090365849226146E+003   0.205402785208787827E+004  -0.337793007352765162E+001  -0.530852766704697276E+000  -0.593878865141040269E+000  -0.149844507998188292E+001   0.754427864774092849E+000  -0.619930603205794469E+006  -0.622200527901137248E+006   1
  -0.690806551426400883E+001  -0.571088673501657063E+001   0.618683381893650335E+003   0.203794685562142831E+004  -0.355329205452286701E+001  -0.603970669660970794E+000   0.199295778626161990E+000  -0.149069328005302748E+001   0.773104823906463845E+000  -0.619363839105029823E+006  -0.621811876967484830E+006   1
  -0.693037282476004712E+001  -0.529519912183630215E+001   0.588235683539523393E+003   0.206840758854773776E+004  -0.269023756611087617E+001  -0.462600133441226413E+000   0.778844726075101690E+000  -0.144698040159067842E+001   0.728514664418936198E+000  -0.621295122232092428E+006  -0.621723436239260831E+006   1
  -0.692695149092409945E+001  -0.269807259001502597E+001   0.789347331959256621E+003   0.203432171299702418E+004  -0.320848928759461405E+001  -0.991696623910954811E+000  -0.124081746598416487E+001  -0.135347086357312030E+001   0.747210556461478381E+000  -0.620397136693521868E+006  -0.623671726467554807E+006   1
  -0.676688761002487382E+001  -0.511277995789237316E+001   0.982270540796939372E+003   0.199416978786407594E+004  -0.308872320348560869E+001  -0.806640758262732183E+000  -0.199174803669718958E+001  -0.139130569781034552E+001   0.654657203950014810E+000  -0.621452391208959743E+006  -0.623209859178682789E+006   1
  -0.685833023756631199E+001  -0.177232494731993206E+001   0.340210558325209206E+003   0.202916708570426317E+004  -0.248234157284911472E+001  -0.375482105508555097E+000  -0.219624902300369129E+000  -0.136775438269614180E+001   0.705223110620920024E+000  -0.621200453510481748E+006  -0.621898893105624476E+006   1
  -0.677742302151571252E+001  -0.587483535537261137E+001   0.657716044341817224E+003   0.201412481554497390E+004  -0.307018576308741942E+001  -0.752267464949683329E+000  -0.191575386529841074E+001  -0.145077898971952224E+001   0.719567283324204721E+000  -0.620993179480240797E+006  -0.621748867451874306E+006   1
  -0.701445096691012981E+001  -0.319124600438219597E+001   0.503587891630126421E+003   0.206197015311977611E+004  -0.263816515536006424E+001  -0.697253143675903964E+000  -0.398127717233314193E+000  -0.149595274515001297E+001   0.815720860563158845E+000  -0.620624721412653569E+006  -0.621722753851672169E+006   1
  -0.672937502919996255E+001  -0.197894765208030510E+001   0.462119852605065716E+003   0.196818078834183143E+004  -0.269551911329537308E+001  -0.557813561323441176E+000  -0.255434068117268431E+000  -0.137472380891676882E+001   0.757218427451867293E+000  -0.620375977751546074E+006  -0.621892976231242996E+006   1
  -0.698007918461545618E+001  -0.280291445569074860E+001   0.502768685222289434E+003   0.206641120311592022E+004  -0.337825254244801521E+001  -0.831284829867429798E+000   0.887657076230574660E-001  -0.149963445141864349E+001   0.795820035105867185E+000  -0.619405537049911218E+006  -0.621653110985746374E+006   1
  -0.703015344435078759E+001  -0.117546167341044239E+001   0.859597142815622874E+003   0.205900510882933622E+004  -0.289417383627140090E+001  -0.353965487558837721E+000  -0.116704400851527268E+001  -0.124654190012816746E+001   0.879917486009562655E+000  -0.621429971216272446E+006  -0.621647014786875108E+006   1
  -0.673183147601596765E+001  -0.474862611779559796E+001   0.676833640760547155E+003   0.194660843613825500E+004  -0.182925844980918928E+001  -0.490474773102640538E+000  -0.137309512293018443E+001  -0.145206748847343059E+001   0.750489020298250709E+000  -0.618688462209360674E+006  -0.621643515564289293E+006   1
  -0.683637717150064361E+001  -0.473178317096211032E+001   0.911741684912024652E+003   0.199638984148170630E+004  -0.239511892146856198E+001  -0.260579621555912855E+000   0.230800384372647827E+000  -0.122175575622027277E+001   0.852117456628779579E+000  -0.620691295378302690E+006  -0.621603212864771252E+006   1
  -0.706802470571966079E+001  -0.427957626669562163E+001   0.421379357322563749E+003   0.211347427417268682E+004  -0.520667903348683581E+001  -0.431108083439345924E+000   0.560410982721421647E+000  -0.142734328874203720E+001   0.821945912279932855E+000  -0.621163877791407169E+006  -0.621572928984181373E+006   1
  -0.679440589668318040E+001  -0.359428856006871733E+001   0.218039898014026335E+003   0.202086051825660843E+004  -0.370276854286617141E+001  -0.756453085020411753E+000  -0.171756159011470588E+001  -0.137928086140785333E+001   0.803805284956126909E+000  -0.621240795031395275E+006  -0.621560452698542154E+006   1
  -0.685201429575436904E+001  -0.147352283104164172E+001   0.636551372093517671E+003   0.199844030910911306E+004  -0.243075740236872218E+001  -0.301830859602348678E+000  -0.119836716581266600E+001  -0.147846770417975271E+001   0.774453912025409696E+000  -0.620159628583617043E+006  -0.621552675438845064E+006   1
  -0.687574256393113536E+001  -0.365950708643754918E+001   0.783503194789112058E+003   0.202879781451937993E+004  -0.361742317423718607E+001  -0.762596276737063983E+000  -0.815380786274788605E-002  -0.143684944268758086E+001   0.713228016342401183E+000  -0.620659346272994764E+006  -0.621548259773684666E+006   1
  -0.681570951389725899E+001  -0.339968444880917398E+001   0.962727693703943487E+003   0.198918187962713273E+004  -0.366198994799032373E+001  -0.902788397505776885E+000  -0.101177910975979257E+001  -0.146689983591558626E+001   0.826235838618917584E+000  -0.619632293383242097E+006  -0.621543381072660442E+006   1
  -0.687313936881626297E+001  -0.357497528011949317E+001   0.324001823542862383E+003   0.200207834291760673E+004  -0.206048787538311728E+001  -0.586524108941147482E+000  -0.851041160663613461E+000  -0.128688004505207010E+001   0.823561280669471096E+000  -0.619557394522411749E+006  -0.621541434582892573E+006   1
  -0.689412526479291010E+001  -0.430805791841088670E+001   0.505914496628103166E+003   0.203492734794571629E+004  -0.114770703083320047E+001  -0.133685597177580218E+000  -0.618173832688337477E+000  -0.893186580159004095E+000   0.856071825236202288E+000  -0.620824669456125004E+006  -0.622054642593181459E+006   1
  -0.700016425409601872E+001  -0.206165329770641703E+001   0.494764508821758170E+003   0.209594902028789420E+004  -0.404015204049089771E+001  -0.832176491559001752E+000   0.413292926328221455E+000  -0.941085716301180319E+000   0.857948369770375474E+000  -0.620332019287786796E+006  -0.622798213970468962E+006   1
  -0.693129601311538934E+001  -0.414659835370991381E+001   0.438702261859564032E+003   0.209751589323014696E+004  -0.369781850885014407E+001  -0.696765760066454298E+000  -0.875553356642542635E+000  -0.790457121148635422E+000   0.838883929060151634E+000  -0.621046207342677633E+006  -0.623081765897560865E+006   1
  -0.704153606323230097E+001  -0.464670020203478185E+001   0.639373949997878412E+003   0.211808758295775624E+004  -0.405031043915070033E+001  -0.840131790070981266E+000  -0.163345469785341990E+001  -0.498315883693785544E+000   0.885997995870106969E+000  -0.620534729028809350E+006  -0.622783147075136192E+006   1
  -0.702247917487020601E+001  -0.408435205200396290E+001   0.608983820983716782E+003   0.208889809344966079E+004  -0.362420167502699897E+001  -0.671239888359287384E+000  -0.143995075348600698E+001  -0.917854745066085886E+000   0.850724604374803239E+000  -0.620798990319653414E+006  -0.624536329843661049E+006   1
  -0.707368013953608532E+001  -0.162612214872527883E+001   0.947416319151202629E+003   0.209203771056878395E+004  -0.316494497756684456E+001  -0.104312958671638589E+000  -0.177820012659110116E+001  -0.103105183419689039E+001   0.863680317453128121E+000  -0.621452595162437181E+006  -0.622832443603062187E+006   1
  -0.691589019790617421E+001  -0.502381022980824277E+001   0.328478420641497451E+003   0.206846126428251227E+004  -0.191299849662352628E+001  -0.263628139888269497E+000   0.377701729167729816E+000  -0.967026204627671526E+000   0.854256433819793104E+000  -0.621357747711302945E+006  -0.621766274369201856E+006   1
  -0.691083025955886221E+001  -0.210816178595050907E+001   0.567430314149941864E+003   0.203206866780300197E+004  -0.243229807513654972E+001  -0.659177551544471885E+000   0.383367348130201790E+000  -0.107654695163407421E+001   0.826838032493607211E+000  -0.620456363952421001E+006  -0.622184614358239342E+006   1
  -0.698870140913515847E+001  -0.506453352120887512E+001   0.596601217697343714E+003   0.209027672337927743E+004  -0.301585527990051538E+001  -0.577781099481649685E+000  -0.248728231039281900E+001  -0.101661208050435237E+001   0.860221184920275550E+000  -0.620561389459113707E+006  -0.622755289303830476E+006   1
  -0.698265712147891549E+001  -0.437272054158021728E+001   0.486616282374614968E+003   0.208708423044178926E+004  -0.279612961311558017E+001  -0.513996271456469089E+000  -0.190738830199154297E+001  -0.100976222892698830E+001   0.840637392851919407E+000  -0.620504342514974298E+006  -0.623436258918468724E+006   1
  -0.702119327115488012E+001  -0.292363787674767561E+001   0.333257676192661506E+003   0.211678059182620382E+004  -0.306055314465441253E+001  -0.211237243463316071E+000  -0.214999312955634769E+001  -0.571090686412295989E+000   0.887815261070208028E+000  -0.621176140018768026E+006  -0.621682623244623421E+006   1
  -0.694958082020048273E+001  -0.255834359409778145E+001   0.853202619233572022E+003   0.205454352133444991E+004  -0.691524504880976920E+001  -0.835084188291195573E+000  -0.323933023123246100E+001  -0.137564972768115967E+001   0.809147744716849471E+000  -0.620792498471415835E+006  -0.622525885061493609E+006   1
  -0.712275317270685893E+001  -0.281693966269945673E+001   0.709312608807791548E+003   0.209547335692608249E+004  -0.436813866786677618E+001  -0.968660943815320197E+000  -0.227427588389530566E+001  -0.147663061580690358E+001   0.841920519742910378E+000  -0.621481101707394002E+006  -0.622040925892952131E+006   1
  -0.699232912698963993E+001  -0.493453860110979292E+001   0.713362485763279096E+003   0.207227701093103587E+004  -0.433504878535631200E+001  -0.376334835082158481E+000  -0.323828486960824957E+001  -0.130361758617165058E+001   0.863475348033313383E+000  -0.620698925865503727E+006  -0.621769682213256601E+006   1
  -0.701106606200444027E+001  -0.291680975525187236E+001   0.449377477711372876E+003   0.207863520020318811E+004  -0.354958473724944135E+001  -0.316701489133695113E+000  -0.392178784741115782E+001  -0.134692967019472953E+001   0.852904068163758855E+000  -0.620256065152794588E+006  -0.621955483349206159E+006   1
  -0.684916333722498116E+001  -0.445500892406954563E+001   0.675893026623912078E+003   0.204564201543752324E+004  -0.271215370784941889E+001  -0.560789797583456151E+000  -0.389555746394677138E+001  -0.782075833220062688E+000   0.844610134720830907E+000  -0.619644240796039347E+006  -0.623338808919584611E+006   1
  -0.693831138553213744E+001  -0.352651502398954264E+001   0.482306410978657368E+003   0.206020278777576959E+004  -0.272071598235263590E+001  -0.756338539096442997E+000  -0.367914887916253353E+001  -0.103158338017926265E+001   0.841533084696518996E+000  -0.620663582987420727E+006  -0.622025293071368360E+006   1
  -0.695782493317635087E+001  -0.335119016538047809E+001   0.335404742160791386E+003   0.206601847287706642E+004  -0.331066468650211654E+001  -0.544703530606427622E+000  -0.364125169884285116E+001  -0.110583498448394435E+001   0.830080655355690533E+000  -0.620542664996562176E+006  -0.623297902528871899E+006   1
  -0.695351610118712671E+001  -0.460397359726049782E+001   0.391811595560722708E+003   0.207452545594710955E+004  -0.438778423509966231E+001  -0.546452040050117716E+000  -0.316320456346134904E+001  -0.125718327702340615E+001   0.858601306256139840E+000  -0.620852856278211460E+006  -0.622851774534540833E+006   1
  -0.694071350121286557E+001  -0.241984898035028539E+001   0.527384981412567754E+003   0.204926277056094477E+004  -0.332416407093619970E+001  -0.888258825155727516E+000  -0.358267163388297982E+001  -0.123499994160980942E+001   0.801788741956864337E+000  -0.620003818222318892E+006  -0.621965439315804979E+006   1
  -0.692562614763416917E+001  -0.191783418229344793E+001   0.789845645888048352E+003   0.207284009559259130E+004  -0.323559706859688045E+001  -0.749916168971860531E+000  -0.364714584172453815E+001  -0.413722998602093384E+000   0.884854176214782684E+000  -0.620124527272670530E+006  -0.623337441474477178E+006   1
  -0.697465992610520225E+001  -0.201459988843292059E+001   0.933705491683341506E+003   0.205935559574167291E+004  -0.365733418731258819E+001  -0.664315229693429155E+000  -0.390796739899024637E+001  -0.672843555136663052E+000   0.877989407506125530E+000  -0.620695888341326034E+006  -0.624854461212897091E+006   1
  -0.698545994847975393E+001  -0.320009890843116596E+001   0.804676716020916388E+003   0.205478964360167356E+004  -0.297839871161267666E+001  -0.512640396648107011E+000  -0.262623201507348547E+001  -0.972388289993056376E+000   0.867738231490074896E+000  -0.620676607070349972E+006  -0.628993968680370366E+006   1
  -0.704479021268464578E+001  -0.361889535521022054E+001   0.611661827024335253E+003   0.210180902307728957E+004  -0.407967763915802273E+001  -0.535854571853433104E+000  -0.388335261551714073E+001  -0.141587171516139465E+001   0.823519985459622572E+000  -0.620967974517600844E+006  -0.622366504052486853E+006   1
  -0.706241660147679795E+001  -0.553923478543122805E+001   0.393893965096320642E+003   0.211924288705814888E+004  -0.406725624089158977E+001  -0.489430636295690502E+000  -0.328806814027989347E+001  -0.112535155624722449E+001   0.856505966682433062E+000  -0.621425212309490889E+006  -0.622043041101636714E+006   1
  -0.692696781468714029E+001  -0.369302700792945959E+001   0.213261580081824349E+003   0.205737732248977863E+004  -0.261180181507386777E+001  -0.353611280831282904E+000   0.508751527962975736E+000  -0.113298088889820581E+001   0.843479189304731203E+000  -0.619717648620756925E+006  -0.621668741886472329E+006   1
  -0.700681437932091811E+001  -0.461422055257467711E+001   0.505862021348034602E+003   0.208840377699084638E+004  -0.466747763434873075E+001  -0.975678328371574866E+000  -0.396671069820083666E+001  -0.144677194203588222E+001   0.822490338875835336E+000  -0.620354011687369202E+006  -0.621668630656992667E+006   1
  -0.691911644194724573E+001  -0.545960647012370792E+001   0.787418733659540862E+003   0.205299272406087812E+004  -0.325668349102848520E+001  -0.685570619330956310E+000  -0.385302859593244973E+001  -0.694876958879152906E+000   0.886695014112193647E+000  -0.618842065384200425E+006  -0.621631052158775972E+006   1
  -0.691995733760740706E+001  -0.321177058885231625E+001   0.961811851435912445E+003   0.202373527841704322E+004  -0.407533244979912723E+001  -0.186273784034904910E+000  -0.153071679737534438E+000  -0.140718275075030563E+001   0.827934233964871535E+000  -0.620619721745085320E+006  -0.621616821660610032E+006   1
  -0.696639408041962138E+001  -0.533326446805402110E+001   0.144060704921522273E+003   0.209089562447477874E+004  -0.246498771042813303E+001  -0.296663345364826303E+000  -0.124650746942421886E+001  -0.923315260477811983E+000   0.878690376908482507E+000  -0.620792045252966229E+006  -0.621558083464239957E+006   1
  -0.689754653465072121E+001  -0.471726258342705584E+001   0.886421079080777531E+003   0.203141854294065615E+004  -0.254000072354831641E+001  -0.588022218652287543E+000   0.231305832994577187E+000  -0.857139489491836715E+000   0.894069262559452960E+000  -0.619156512543082819E+006  -0.621933053012975492E+006   1
  -0.677201351997311107E+001  -0.256835774286339769E+001   0.609447097965377225E+003   0.201584064044693514E+004  -0.250355291996195017E+001  -0.484965742063743654E+000   0.800612225340110228E+000  -0.793693174761554654E+000   0.823892615021755814E+000  -0.621138812057498144E+006  -0.621857547475486528E+006   1
  -0.684234042579214119E+001  -0.261695021843725151E+001   0.940360354242860353E+003   0.202283623159420495E+004  -0.292325914760988503E+001  -0.541239737814382282E+000   0.770670673934867878E-001  -0.945672277127959759E+000   0.847007037853781175E+000  -0.619784266069539706E+006  -0.622049473031167290E+006   1
  -0.692435183937883636E+001  -0.545189328571488740E+001   0.633302385368246064E+003   0.204354053221694062E+004  -0.333031281898655251E+001  -0.757025595168338894E+000  -0.162484324945468162E+001  -0.772672726268694987E+000   0.899939565953649545E+000  -0.620707931947431527E+006  -0.624320435522709857E+006   1
  -0.683860776141571058E+001  -0.313026401753217609E+001   0.932041171305888724E+003   0.202391530713071643E+004  -0.371289899884814290E+001  -0.969536567662472537E+000  -0.192095801607118943E+001  -0.742343713740421185E+000   0.833996456038142875E+000  -0.621387356828045449E+006  -0.622043361460846732E+006   1
  -0.695677455071454620E+001  -0.284877075167723071E+001   0.938340864517751470E+003   0.203666451374141047E+004  -0.309081392505031438E+001  -0.822572125707836221E+000  -0.188162076146072410E+001  -0.899920640514055292E+000   0.886261046762740201E+000  -0.619178336467750720E+006  -0.622013080215511145E+006   1
  -0.682782289303393064E+001  -0.204489997159209658E+001   0.884507264268036351E+003   0.202131494647529234E+004  -0.338128571474331263E+001  -0.853535342313331169E+000  -0.602094644172715743E+000  -0.839000930931376288E+000   0.894704991798100591E+000  -0.619324966038780520E+006  -0.623324365435080254E+006   1
  -0.688877799374053268E+001  -0.137557986357792128E+001   0.956476157060551600E+003   0.201052528405886869E+004  -0.303637129401527162E+001  -0.945151694640498974E+000  -0.433961797355002954E+000  -0.104658754921653818E+001   0.890512361191543200E+000  -0.619815180129553890E+006  -0.622421943313349271E+006   1
  -0.688998463740169953E+001  -0.367815320756111364E+001   0.830860552654276489E+003   0.207581313753343511E+004  -0.413530344173815578E+001  -0.850235169802564972E+000  -0.241922753153033909E+000  -0.384142223413011852E+000   0.865773036698639031E+000  -0.621450261809135554E+006  -0.624063302858775016E+006   1
  -0.695401133832644902E+001  -0.580055377346800149E+001   0.958978417173786966E+003   0.205023917964430939E+004  -0.309938590323161822E+001  -0.731489780697186065E+000  -0.514875245475865828E+000  -0.575186929094250510E+000   0.898554635462931350E+000  -0.619063199438111624E+006  -0.623072270900987089E+006   1
  -0.698410415725193445E+001  -0.278220053621151475E+001   0.880316445969550728E+003   0.206405973510128206E+004  -0.432482423252440640E+001  -0.907923921244580878E+000  -0.648172882030426223E+000  -0.117936726978541984E+001   0.896916952502006648E+000  -0.621484770528933615E+006  -0.622039895853739232E+006   1
  -0.675097982764772198E+001  -0.140639694091620626E+001   0.875063563758890950E+003   0.199405509271843334E+004  -0.218487313304770048E+001  -0.490084229538961802E+000   0.733789697691269893E+000  -0.540059562531722381E+000   0.890455546070024639E+000  -0.620495453947386937E+006  -0.621777466405680985E+006   1
  -0.681654888540383386E+001  -0.302643607774360035E+001   0.847992538914447096E+003   0.198985928703442141E+004  -0.168647534791266906E+001  -0.348130872573085171E+000  -0.237770263663845949E+001  -0.103720723279241112E+001   0.899060897887475008E+000  -0.620883875907887123E+006  -0.621704559159742785E+006   1
  -0.685993190642372230E+001  -0.161040693370373500E+001   0.790950963944060163E+003   0.202360801405491657E+004  -0.315036017246243283E+001  -0.641463301974796618E+000  -0.371996169958813683E+001  -0.127551004292457026E+001   0.783077683401177782E+000  -0.619758018513970543E+006  -0.624402409966344829E+006   1
  -0.685321153262149885E+001  -0.403700350929846774E+001   0.878255526020433308E+003   0.202585723595522427E+004  -0.329313465056487065E+001  -0.999099503890230722E+000  -0.285459575331783233E+001  -0.106349850786972899E+001   0.788760195347851467E+000  -0.620082747981557390E+006  -0.625299273129369598E+006   1
  -0.678503970747736940E+001  -0.406690987629724532E+001   0.790860626508612086E+003   0.199119976767452408E+004  -0.337643768100894359E+001  -0.592444894558427859E+000  -0.233655207944385435E+001  -0.130720804515012512E+001   0.802834410005222043E+000  -0.621174060883919476E+006  -0.624037369649388711E+006   1
  -0.684807376867324358E+001  -0.590004779351922615E+001   0.822233805795759167E+003   0.200883279645147536E+004  -0.262389001319500981E+001  -0.711992417769366170E+000  -0.313673796511324943E+001  -0.134296760188370645E+001   0.789349572918692233E+000  -0.618904147726636147E+006  -0.622201660226123058E+006   1
  -0.684543944729266940E+001  -0.294233537113667687E+001   0.868678170432666889E+003   0.203336364783858039E+004  -0.256609759850950514E+001  -0.402158678088489152E+000  -0.374419229549512167E+001  -0.109275642648192250E+001   0.767887142767734399E+000  -0.621468945847558905E+006  -0.621872802684404654E+006   1
  -0.681738354559149862E+001  -0.549130046489764023E+001   0.523459574817112639E+003   0.202641875851672421E+004  -0.325159694143969613E+001  -0.748456356890341845E+000  -0.311949522848005634E+001  -0.125519393014511671E+001   0.770139770556435121E+000  -0.620079091187170357E+006  -0.621762667478076415E+006   1
  -0.677825655899721546E+001  -0.582118670270775684E+001   0.755868358148198013E+003   0.197214241896835165E+004  -0.218725732104440063E+001  -0.543260542753583708E+000  -0.356195602365179997E+001  -0.146080359653731362E+001   0.855873430592972828E+000  -0.618610187189512304E+006  -0.621743829153304687E+006   1
  -0.682192339180232388E+001  -0.403164214119497100E+001   0.447513740871720984E+003   0.202704790387398793E+004  -0.348543314584759578E+001  -0.429464403875771006E+000  -0.369995097135227669E+001  -0.138104836410995446E+001   0.831574916329539060E+000  -0.621419651170293917E+006  -0.621893066670204164E+006   1
  -0.693124337553458592E+001  -0.467304852300787577E+001   0.822842317628561091E+003   0.206084987368579641E+004  -0.248589516781012509E+001  -0.156192471227720731E+000  -0.309718718422466521E+001  -0.112025427748581285E+001   0.841970755139407667E+000  -0.620982442012046464E+006  -0.622080705640266067E+006   1
  -0.684807554646023853E+001  -0.307217987496883627E+001   0.798448018518692834E+003   0.201891783611377377E+004  -0.270743965232315187E+001  -0.611319649370744567E+000  -0.374324864097613830E+001  -0.989810430929687679E+000   0.906039333149868731E+000  -0.620452367845348082E+006  -0.621862548217518139E+006   1
  -0.681109354673868239E+001  -0.457522278709862462E+001   0.635391810590571140E+003   0.201327568029910776E+004  -0.266519896546520130E+001  -0.704501103036187404E+000  -0.381958829659117782E+001  -0.987741289440059345E+000   0.882495070221025579E+000  -0.618408523396576638E+006  -0.621684002520125476E+006   1
  -0.686058260839016754E+001  -0.261898909222634568E+001   0.229546440247470457E+003   0.202257613956755517E+004  -0.525406294996040657E+001  -0.733092652284960788E+000  -0.376170936889182661E+001  -0.143549359887300687E+001   0.819524336294969680E+000  -0.621478509415564477E+006  -0.623442392501381924E+006   1
  -0.686245743253993545E+001  -0.115833273955239235E+001   0.660572396949604723E+001   0.204859069244933380E+004  -0.325719042851761031E+001  -0.386910150803303043E+000  -0.211153081422421085E+001  -0.119897622528202641E+001   0.785430850419808979E+000  -0.621474882235622150E+006  -0.621968659633573028E+006   1
  -0.696457280963028680E+001  -0.379034590639098568E+001   0.115401806724108667E+003   0.206667560724082296E+004  -0.255594841831029207E+001  -0.609088817029088903E+000  -0.204992460900220141E+001  -0.122614678919592612E+001   0.833006492692499156E+000  -0.620698215876044938E+006  -0.622254574841144960E+006   1
  -0.675362621120740769E+001  -0.110973456501034207E+001   0.130316315561618580E+003   0.198087329957233032E+004  -0.250293818941813395E+001  -0.268306516797099714E+000  -0.292565453678374165E+001  -0.119995599718437163E+001   0.844018400335586061E+000  -0.621278070000973530E+006  -0.624487508037929772E+006   1
  -0.679233617386644362E+001  -0.875008035709544885E+000   0.183361018694757774E+003   0.199069320450654368E+004  -0.315867543543344542E+001  -0.530179885295269271E+000  -0.295321476989587994E+001  -0.110842646696474167E+001   0.835289887902533335E+000  -0.620638889090125565E+006  -0.623792838062709314E+006   1
  -0.695482465746186929E+001  -0.553988758988233609E+001   0.701533650451058293E+002   0.206623633715005190E+004  -0.276239298170314651E+001  -0.639771814846798237E+000  -0.301747286406798709E+001  -0.140510368145712672E+001   0.855620813972113647E+000  -0.621118799233833910E+006  -0.622898038308583316E+006   1
  -0.675337476352065202E+001  -0.152265970467395206E+001   0.284851636453247181E+003   0.197133240382836493E+004  -0.297856370442856111E+001  -0.638379327981796862E+000  -0.280433785199593189E+001  -0.134809043133320960E+001   0.865478000690774407E+000  -0.619229806551475427E+006  -0.622863813317882130E+006   1
  -0.691071597619696476E+001  -0.478298353997877168E+001   0.646001488446879222E+002   0.203241853526879822E+004  -0.314636796074810210E+001  -0.523072953818104813E+000  -0.226357532838831954E+001  -0.145360373647601837E+001   0.843476703029984232E+000  -0.618928415252355160E+006  -0.622176445793482591E+006   1
  -0.676745400885298487E+001  -0.287999062838098840E+001   0.720567856087554937E+001   0.198220078057080354E+004  -0.253055548281045617E+001  -0.379741384423091355E+000  -0.382878310268869759E+001  -0.130819531264172051E+001   0.890974091508680233E+000  -0.621441808706238167E+006  -0.621768444008614402E+006   1
  -0.689563116633813422E+001  -0.210066502742721140E+001   0.211121474769917427E+003   0.204114605169666629E+004  -0.469211208838357141E+001  -0.641202885489190244E+000  -0.344773457165254271E+001  -0.140489744698107977E+001   0.860108547421410408E+000  -0.620647898807931924E+006  -0.621695887188980822E+006   1
  -0.696448399941738749E+001  -0.305772259729330198E+001   0.313545452277705579E+003   0.207984036419269796E+004  -0.352702098858657997E+001  -0.576852891300023929E+000  -0.220933050552396182E+001  -0.114408282646042503E+001   0.809772921411753277E+000  -0.620647398711013026E+006  -0.621744003633215325E+006   1
  -0.694591622077723514E+001  -0.314902211344201044E+001   0.112669733691809398E+003   0.204863419316983754E+004  -0.357889355304058565E+001  -0.381736952157335607E+000  -0.329482777405759730E+001  -0.144803796656293415E+001   0.816589359320840313E+000  -0.620236975544632296E+006  -0.621595350944696460E+006   1
  -0.689130122112573584E+001  -0.318102128794976924E+001   0.695804718588089202E+002   0.204626668874798293E+004  -0.309779820612788104E+001  -0.307838415028697909E+000  -0.595585940661626623E+000  -0.141424117303482033E+001   0.871936380026923197E+000  -0.620691776127168327E+006  -0.621571953476531198E+006   1
  -0.681047568762682243E+001  -0.247416151670796935E+001   0.677829763647511641E+003   0.199179094842728023E+004  -0.206564506573781870E+001  -0.519497440014404788E+000  -0.630711188927131960E+000  -0.791898982965626330E+000   0.874462236886984323E+000  -0.619089838266885956E+006  -0.621559669666792266E+006   1
  -0.671323382577994465E+001  -0.117564156743513415E+001   0.402300248992608545E+003   0.198741684518526199E+004  -0.239105180051191013E+001  -0.380672224631429024E+000  -0.385687731880063600E+001  -0.918773599012056019E+000   0.871992549755166158E+000  -0.621264451304827933E+006  -0.621548401567395194E+006   1
  -0.696907954840044130E+001  -0.425301842992271517E+001   0.687868014433461212E+003   0.207851061502505763E+004  -0.383624412469381060E+001  -0.944110131034170852E+000   0.904303191330532385E+000  -0.550545756708558098E+000   0.895622385988538716E+000  -0.619138024288646062E+006  -0.621541054767954978E+006   1
  -0.704112313183841820E+001  -0.303807746525724820E+001   0.239197315407341023E+003   0.208612411066962250E+004  -0.368255635546605831E+001  -0.953890720556243132E+000  -0.949170520427289777E+000  -0.112899000316924591E+001   0.828109938244764643E+000  -0.621234813285152195E+006  -0.622390505673146457E+006   1
  -0.680841153742817706E+001  -0.297734590294985235E+001   0.279518401608753379E+003   0.200043215550602417E+004  -0.298556517875247884E+001  -0.775367537232880433E+000  -0.480926369634000039E+000  -0.888183412125368887E+000   0.906069009814109982E+000  -0.621266830582007999E+006  -0.622325111265241867E+006   1
  -0.697828864782537384E+001  -0.530026165243062675E+001   0.114970488033867923E+003   0.210553346701706778E+004  -0.410774682055638074E+001  -0.796899137342602648E+000  -0.709948469206447719E+000  -0.622299628888665635E+000   0.869429282350457910E+000  -0.620322995114702266E+006  -0.622291867625036044E+006   1
  -0.683154431155469055E+001  -0.371518527321034542E+001   0.819546045312635698E+002   0.201917968169587039E+004  -0.228101055613386450E+001  -0.562537601097012563E+000  -0.432216301393840485E+000  -0.115722706853085500E+001   0.826282051745338753E+000  -0.619397701800190145E+006  -0.621681750345177366E+006   1
  -0.675727869152623395E+001  -0.145998854589729188E+001   0.266965073720152247E+003   0.201181297599299819E+004  -0.341040170716811630E+001  -0.901751688331882573E+000  -0.393755286705732566E+000  -0.931544847726808456E+000   0.865098571840509867E+000  -0.619883248904027278E+006  -0.621679083330121124E+006   1
  -0.694367036824822126E+001  -0.235056829822092572E+001   0.278343889209822031E+002   0.206874366370968846E+004  -0.295468730466220020E+001  -0.492886437175341641E-001   0.158088560055290372E+000  -0.127102621026777873E+001   0.853915758781520262E+000  -0.621150337883687345E+006  -0.622428029254362453E+006   1
  -0.686362788556945880E+001  -0.268788436742017467E+001   0.493101693869578810E+003   0.202946296936886188E+004  -0.404874987067582914E+001  -0.797789945756775198E+000  -0.110673897893563788E+001  -0.121847754567099265E+001   0.830655493901253705E+000  -0.621396093972504255E+006  -0.623166467174853664E+006   1
  -0.704733850119404259E+001  -0.179364913245791868E+001   0.320090911836247813E+003   0.208334294707564322E+004  -0.335571017996991117E+001  -0.827537549412468043E+000  -0.102279249362795355E+001  -0.136859300951158569E+001   0.882220480601836554E+000  -0.621446408871020423E+006  -0.622863708113469533E+006   1
  -0.687784179127528184E+001  -0.268365380437870060E+001   0.599291957321049836E+003   0.199553533486277502E+004  -0.246084063002243880E+001  -0.958644618475668508E+000  -0.175218987812977778E+001  -0.133171701697826528E+001   0.864146514122603682E+000  -0.619651259823911474E+006  -0.621724781039769528E+006   1
  -0.685031807209290200E+001  -0.138533963940639371E+001   0.432987351742869521E+003   0.202679021740437793E+004  -0.391929647840092787E+001  -0.445455465636993231E+000  -0.150887278787696211E+001  -0.125692830414984869E+001   0.827489845002367552E+000  -0.621228617491465993E+006  -0.623545653856492136E+006   1
  -0.695924806363915138E+001  -0.165427694239159084E+001   0.489889904280271594E+003   0.205948121125147554E+004  -0.321108683653983551E+001  -0.781692133642662879E+000  -0.204952603113938459E+001  -0.127452243824668687E+001   0.821117888060982515E+000  -0.619679534354367759E+006  -0.622629512577301473E+006   1
  -0.682955270758081667E+001  -0.171512997575765436E+001   0.444110094619734355E+003   0.198380946008248202E+004  -0.193380564048720860E+001  -0.547305029141826993E+000  -0.147944022140827069E+001  -0.112262434607449313E+001   0.877098183379615315E+000  -0.619741931080900133E+006  -0.622082775390043156E+006   1
  -0.664644787366598067E+001  -0.763998390643226166E+000   0.198078550686597168E+003   0.193550577940276480E+004  -0.286144020928934051E+001  -0.818676431631395696E+000  -0.149842744780417281E+001  -0.952581924963361804E+000   0.857800197741497628E+000  -0.618739049296848243E+006  -0.621880841564333998E+006   1
  -0.497607664569744923E+001   0.228695356222250368E+001   0.772720299723405105E+003   0.196473187391047372E+004  -0.785435374585672630E+001   0.367404661336567351E+000  -0.115169452295961428E+001  -0.434213329723080133E+000   0.848262821193054850E+000  -0.620979749447333743E+006  -0.891229421005140990E+006   1
  -0.675237458011533942E+001  -0.496522310354103169E+001   0.185855536053268310E+003   0.198388580860596812E+004  -0.198732659426027869E+001  -0.497078151645037658E+000  -0.109167435621630471E+001  -0.149589088512492174E+001   0.775731845085770755E+000  -0.621390296930028591E+006  -0.622011185404347838E+006   1
  -0.684888735930086945E+001  -0.265169162541906989E+001   0.509065997150445526E+003   0.205266716050674404E+004  -0.347466698797719342E+001  -0.647927248175895976E+000  -0.148794021352287942E+001  -0.145037421194504113E+001   0.659735857577114615E+000  -0.621275500813980470E+006  -0.623156897770969779E+006   1
  -0.680960247783219330E+001  -0.430968740407224793E+001   0.318793240589556547E+003   0.203280574485395255E+004  -0.303906280127441075E+001  -0.841754872883307304E+000  -0.209121511370360835E+001  -0.143055908827595379E+001   0.661460419678833067E+000  -0.621053843889063923E+006  -0.622217584826178616E+006   1
  -0.674878843952514806E+001  -0.632740605866899841E+000   0.161673641857786777E+003   0.197303094224292090E+004  -0.403617617985687982E+001  -0.486454728173407625E+000  -0.275898555654815025E+001  -0.139497172471499531E+001   0.785111028277593603E+000  -0.621393523834512685E+006  -0.622837127940574312E+006   1
  -0.671950208919915326E+001  -0.325583903253983653E+001   0.495593500294377733E+002   0.196574876266522438E+004  -0.215675508664106452E+001  -0.430046461643046052E+000  -0.196350103561833578E+001  -0.138758584827496678E+001   0.755501454715075016E+000  -0.619680007022492820E+006  -0.621956630960931652E+006   1
  -0.678239659045449628E+001  -0.109141438542625391E+001   0.434352195976851306E+003   0.199436835154997971E+004  -0.267495819184918115E+001  -0.753440070642207416E+000  -0.153490310770801486E+001  -0.125389175819175347E+001   0.764786992719396763E+000  -0.620654582791529945E+006  -0.623225653008514433E+006   1
  -0.668229646775999342E+001  -0.717017208978515619E+000   0.245400308610810214E+003   0.196772064665277321E+004  -0.354555935363454999E+001  -0.509686905207719088E+000  -0.634710853215882054E+000  -0.128218462358094931E+001   0.779093013955409752E+000  -0.621358322147013387E+006  -0.622711923833984532E+006   1
  -0.679471082294684248E+001  -0.762969631496361878E+000   0.510174618657152394E+003   0.198800738729939917E+004  -0.370109694737264316E+001  -0.139629818383605997E+000  -0.221493322224549871E+001  -0.149235643462487588E+001   0.764954025643019064E+000  -0.620744138428560691E+006  -0.622148690915383631E+006   1
  -0.669399331701074018E+001  -0.108647909922885155E+001   0.457490396563530453E+003   0.195636730200904708E+004  -0.246952603457695474E+001  -0.242669143480752969E+000  -0.111137143730837185E+001  -0.147706900409317887E+001   0.830208504142857184E+000  -0.620544644466463593E+006  -0.621936150338423671E+006   1
  -0.669522051229169879E+001  -0.103997581785678328E+001   0.660630542961690708E+003   0.192541512780673429E+004  -0.238331564735474632E+001  -0.590000092551456801E+000  -0.122774218397285884E+001  -0.148904850250767096E+001   0.806013605576960779E+000  -0.617994851964568603E+006  -0.621899319379895460E+006   1
  -0.665401850102654269E+001  -0.635206085115106234E+000   0.311422723635008367E+003   0.194583223292164348E+004  -0.342302927342352969E+001  -0.619554116092969287E+000  -0.311526975301030795E+001  -0.132621426597931036E+001   0.798396590447766896E+000  -0.620867968760097516E+006  -0.621851334887736477E+006   1
  -0.701483620409415742E+001  -0.424500451108530807E+001   0.944241989502564707E+003   0.206281546267880458E+004  -0.876443448721803975E+001  -0.105342108767503384E+000  -0.279176895594667762E+001  -0.140834579298808560E+001   0.791331587611879050E+000  -0.620938339230083046E+006  -0.622378358251066413E+006   1
  -0.697441129130620219E+001  -0.315452365729580952E+001   0.486087623377683315E+003   0.208989669429524656E+004  -0.745023442891357401E+001   0.300286458331304518E+000  -0.274492587846624936E+001  -0.132092549648394009E+001   0.789667761890016862E+000  -0.621169203900631634E+006  -0.623001802564367536E+006   1
  -0.701931678104381884E+001  -0.460127907076258147E+001   0.478057501888888453E+003   0.210536937550938819E+004  -0.858597738324059812E+001  -0.260074508245961011E-001  -0.280025541342935025E+001  -0.126069760368188999E+001   0.834794797021923385E+000  -0.621415060819252860E+006  -0.622647971322927973E+006   1
  -0.698345485240464381E+001  -0.462200500885871257E+001   0.961410050422026643E+003   0.205646369989100504E+004  -0.825860560212569617E+001  -0.605268205550989480E-001  -0.904284317008082983E+000  -0.136286571913988452E+001   0.856078696214797374E+000  -0.620821392603686545E+006  -0.622346280971452012E+006   1
  -0.701458669724983164E+001  -0.370213106868679054E+001   0.816156074693735491E+003   0.207998333686448132E+004  -0.854603705031087735E+001  -0.123806253896189933E+000  -0.285162586741159707E+001  -0.132893543118987378E+001   0.858497019669190009E+000  -0.620942622299948125E+006  -0.625245603099286905E+006   1
  -0.703946827774678141E+001  -0.460239537241776198E+001   0.523058067379122917E+003   0.209649318025894445E+004  -0.803080846287156014E+001  -0.711771473657563214E+000  -0.375002896729467805E+001  -0.131526757300004138E+001   0.859402646174622364E+000  -0.620975066677430645E+006  -0.623456294070733478E+006   1
  -0.693783673020084724E+001  -0.292635413399193656E+001   0.620417441678413070E+003   0.206710111100669656E+004  -0.879529883997235551E+001   0.164452725507395536E+000  -0.314517920478601365E+001  -0.148028745616664503E+001   0.704359238668977095E+000  -0.621121595644212910E+006  -0.621889798087938572E+006   1
  -0.699210358603626325E+001  -0.540844858689775609E+001   0.585178348035526142E+003   0.208700441883953863E+004  -0.869406094508777372E+001   0.707997099907882399E+000  -0.203279416130784307E+001  -0.126869084611203653E+001   0.820198605485861321E+000  -0.621126715558198630E+006  -0.621900917161867721E+006   1
  -0.697449858848883686E+001  -0.273981970779528972E+001   0.382510515195502194E+003   0.206364377737795576E+004  -0.894889181005078527E+001   0.523756290301731431E+000  -0.161080189131417084E+001  -0.143878348587064298E+001   0.887806245300149510E+000  -0.621319203738413751E+006  -0.622770245353024569E+006   1
  -0.673198813513073091E+001  -0.255980724789109004E+001   0.278882981865135207E+003   0.195161826866680940E+004  -0.266763478081756933E+001  -0.978411468885564739E+000  -0.288783103596846935E+001  -0.141312649023121573E+001   0.754351867756575145E+000  -0.617585951786272577E+006  -0.621654204907774925E+006   1
  -0.698781873123427921E+001  -0.287220145149273476E+001   0.469215343967335969E+003   0.208047542785558016E+004  -0.617009161881298063E+001   0.315035803940328041E+000  -0.207238891547920057E+001  -0.133287476696181995E+001   0.808758709475474680E+000  -0.621099883530125371E+006  -0.621579329613389680E+006   1
  -0.699294494344181761E+001  -0.581929151000903566E+001   0.881816023055554638E+003   0.206456234125206265E+004  -0.840843448346740274E+001  -0.169550223971176361E+000  -0.248972417175393446E+001  -0.138184334110796514E+001   0.810858055292577040E+000  -0.620698338848835905E+006  -0.621576138906994136E+006   1
  -0.695758475365591522E+001  -0.569820557118867566E+001   0.348935347092448637E+003   0.208870312266734936E+004  -0.416941958805199153E+001  -0.899512507584137588E+000  -0.156900282134405877E+001  -0.139000903584336366E+001   0.702779158700228113E+000  -0.621328223852691008E+006  -0.621560398751066183E+006   1
  -0.690439181302862348E+001  -0.362668927322435763E+001   0.577267940535100138E+003   0.207300957856565492E+004  -0.456424828834784435E+001  -0.483916256650855803E+000  -0.778907085828389523E+000  -0.145688931858094839E+001   0.729698914070312621E+000  -0.621489120708615519E+006  -0.622148377683277824E+006   1
  -0.704740523403290631E+001  -0.573691613770395659E+001   0.994248210256791140E+003   0.207887904277272673E+004  -0.453443080110416208E+001   0.346226876029330777E+000   0.155044854112406760E+000  -0.130070583259093153E+001   0.843512870069062393E+000  -0.621209740275675314E+006  -0.622010132595590665E+006   1
  -0.690579843443447139E+001  -0.415671787703078266E+001   0.620279009758057441E+003   0.205933440923212629E+004  -0.627647639460847895E+001  -0.255859029790362458E+000   0.531851959649324968E+000  -0.139723598600840626E+001   0.793445126573162240E+000  -0.621130308947645826E+006  -0.621882164318727911E+006   1
  -0.690582028820919991E+001  -0.452265333130408642E+001   0.397103776128657216E+003   0.207867917813018448E+004  -0.289228532028912877E+001  -0.660979610295615583E-001  -0.744843212766368445E+000  -0.146937692010413823E+001   0.671865380428095738E+000  -0.621473152447746135E+006  -0.629228719104686519E+006   1
  -0.707896631439737156E+001  -0.489543918922477062E+001   0.789249862543275356E+002   0.211201413111624015E+004  -0.492535625658469023E+001  -0.177489239282164757E+000  -0.336844414389580127E+000  -0.135436314778748601E+001   0.772809200644301253E+000  -0.621483669303362491E+006  -0.622134171065800241E+006   1
  -0.694943923878067960E+001  -0.250036672766165191E+001   0.283390479164349699E+003   0.208512295054120204E+004  -0.513161930939211253E+001  -0.310821183172323101E+000  -0.552579823005275639E+000  -0.130212798618574199E+001   0.813267092792269053E+000  -0.621451527726250351E+006  -0.627083177715508267E+006   1
  -0.710659018307388024E+001  -0.401349099491876427E+001   0.497672058499058437E+003   0.212634478177243182E+004  -0.533026560497186175E+001   0.141087589078003450E+000   0.798428927910131314E+000  -0.142365837953300289E+001   0.774321792582405632E+000  -0.621476529419872793E+006  -0.621878365605926141E+006   1
  -0.705888842489981805E+001  -0.329475401364332843E+001   0.762942889204726526E+002   0.210846813509822914E+004  -0.593207299674776145E+001  -0.567783648220284709E-001   0.233032864010982443E+000  -0.132720317976269042E+001   0.845617571844144433E+000  -0.621006685494287289E+006  -0.622966649685590179E+006   1
  -0.703994723538168099E+001  -0.579930459188575487E+001   0.236927688865900819E+003   0.210050637609248588E+004  -0.675441121397274813E+001  -0.113080904473872534E+000  -0.281997257580049343E+000  -0.138753766870775408E+001   0.839734666975092692E+000  -0.620725540087374859E+006  -0.622744074345054687E+006   1
  -0.699223703740025382E+001  -0.241363919492932544E+001   0.402407523664313146E+003   0.206889222119502620E+004  -0.730687066700249677E+001   0.410913075152132823E-001  -0.429465349686986908E+000  -0.135690168095588826E+001   0.848547219172052225E+000  -0.621270247110837488E+006  -0.622067635194313363E+006   1
  -0.691539405122082496E+001  -0.497605596381341364E+001   0.400232631424656120E+003   0.205366040502640590E+004  -0.602244704568164479E+001   0.100410073231460339E+000  -0.138076456126980585E+001  -0.147071242973337823E+001   0.824263711538598787E+000  -0.620338995534025249E+006  -0.621743536849709344E+006   1
  -0.703836725220439163E+001  -0.441295218718747329E+001   0.179897913630143535E+003   0.209416198253445327E+004  -0.760163441766451697E+001  -0.643367801222255231E+000  -0.522176705473307301E-001  -0.148955944923808103E+001   0.761645298066360166E+000  -0.620607167595774867E+006  -0.621694074975179625E+006   1
  -0.701540955015176237E+001  -0.518362693644946937E+001   0.331173665173843176E+003   0.209230937983696549E+004  -0.624491887973471549E+001  -0.928471316115984990E+000  -0.610940705875185675E+000  -0.146209406485081095E+001   0.710892388381119567E+000  -0.621479711516768439E+006  -0.624476151126483455E+006   1
  -0.708792317202123456E+001  -0.312948947500920793E+001   0.437977175241922623E+003   0.211431159209902125E+004  -0.680394101804047935E+001  -0.859219350916281654E+000  -0.113902397006873102E-001  -0.127215285704299386E+001   0.835020211479953534E+000  -0.621174552914425964E+006  -0.621835467569239088E+006   1
  -0.701470415735192354E+001  -0.399104250703373875E+001   0.160452778339561320E+003   0.209786893942737788E+004  -0.425787351115315271E+001  -0.511417923013932185E+000  -0.181926106722710612E+001  -0.143125903226001117E+001   0.711929522219977629E+000  -0.621262744083227823E+006  -0.621833278179907473E+006   1
  -0.707141585068506551E+001  -0.262515186666304645E+001   0.105617102557763687E+003   0.210254843640594936E+004  -0.544247679584080934E+001  -0.330125372395620231E+000  -0.111439861538956331E+001  -0.136946288482276435E+001   0.809735412961192558E+000  -0.621123265905769309E+006  -0.621766851769863977E+006   1
  -0.698621800543831739E+001  -0.349542394738769957E+001   0.694099072813241605E+003   0.208835902587712644E+004  -0.469265019893555735E+001   0.340860356650528828E+000  -0.237377542842927269E+001  -0.131141460371718610E+001   0.802140523144240558E+000  -0.621341594816869940E+006  -0.621831386686728452E+006   1
  -0.690688661279935090E+001  -0.117566184255429640E+001   0.811261373615033790E+003   0.205093271305625149E+004  -0.805421419164708752E+001  -0.144661735516611989E+000  -0.182300371652369009E+001  -0.147954642681470316E+001   0.683397190151768696E+000  -0.621333663915899931E+006  -0.622862823454274447E+006   1
  -0.702586973411939830E+001  -0.458724617617679442E+001   0.748866211703793965E+003   0.209562660514098116E+004  -0.432666416997008074E+001  -0.238757005492274965E-001  -0.156774696269717451E+001  -0.146386537901896352E+001   0.740655572436799137E+000  -0.620803432818655390E+006  -0.622273225037293509E+006   1
  -0.694365019120836280E+001  -0.496699968236231726E+001   0.894585714288363533E+003   0.206551633353185662E+004  -0.633770457971608803E+001  -0.510356440300394176E+000  -0.224666749584807679E+001  -0.149942156648583036E+001   0.718746507519966715E+000  -0.620797370708750328E+006  -0.623400072862433968E+006   1
  -0.697522984044252503E+001  -0.129348446469792577E+001   0.620279647404999537E+003   0.207616906208545515E+004  -0.687339310390719849E+001  -0.770295857785907367E+000  -0.188880536526296927E+001  -0.149905066718295377E+001   0.731842427448140653E+000  -0.620988880298481323E+006  -0.622332273964865366E+006   1
  -0.701350655866195005E+001  -0.167609486669646923E+001   0.506947578025040286E+003   0.209885027574835476E+004  -0.558082852418250841E+001  -0.769715334440390087E+000  -0.167671134033399660E+001  -0.149554482052416549E+001   0.692274672194052587E+000  -0.621246653415142442E+006  -0.622363117858151556E+006   1
  -0.688892499834334160E+001  -0.220333893377526202E+001   0.673147761994644839E+003   0.205743012497991913E+004  -0.745437862819402586E+001  -0.293426460010872137E+000  -0.294304187761578806E+001  -0.149087989650383257E+001   0.692315232372420319E+000  -0.621138903189636883E+006  -0.621966145404423936E+006   1
  -0.705850649808085429E+001  -0.518754964032234778E+001   0.734894284311877300E+003   0.208906575368565882E+004  -0.345152415622602682E+001   0.800910279609038378E+000  -0.315501615575031291E+001  -0.142635244844773723E+001   0.859586987334440833E+000  -0.621470252625597757E+006  -0.622296643882869626E+006   1
  -0.698395960494037649E+001  -0.294118168245736777E+001   0.527000730603331931E+003   0.208485163264080666E+004  -0.567418880883756138E+001   0.102697821803170219E+000  -0.241757818220555176E+001  -0.145611906267061375E+001   0.841866315723916459E+000  -0.621176228426545858E+006  -0.622476980877018184E+006   1
  -0.707093734986521483E+001  -0.531459353800944712E+001   0.693447551558502937E+003   0.209378314486309046E+004  -0.519978233102614418E+001   0.307710487447447001E+000  -0.197485414634701684E+001  -0.134750049899176916E+001   0.863404720359372879E+000  -0.621276063271799008E+006  -0.626267992011308321E+006   1
  -0.694376449351132763E+001  -0.500275363468729584E+001   0.579953119869087459E+003   0.206261985215490358E+004  -0.496405749432717247E+001  -0.942857307691683522E-001  -0.215930665575979130E+001  -0.138180992167825267E+001   0.818986650970345509E+000  -0.620699928530126810E+006  -0.623652438895638334E+006   1
  -0.689229561613195507E+001  -0.470816848598541160E+001   0.688062005734889340E+003   0.205732380844324962E+004  -0.707660664756640756E+001  -0.151152571522998325E+000  -0.200580156746780691E+001  -0.147991001112686904E+001   0.772510225991384858E+000  -0.621369217993731960E+006  -0.622683328921097214E+006   1
  -0.704927892167107206E+001  -0.307586744532044509E+001   0.586666205658269860E+003   0.209208627087609875E+004  -0.706717101463745490E+001  -0.821493748148098835E-001  -0.169791886066572095E+001  -0.144397440030168478E+001   0.781789607817966137E+000  -0.620877218521775561E+006  -0.622054162069227779E+006   1
  -0.704640773998467118E+001  -0.402161974461574623E+001   0.817511881219617862E+003   0.208969039099221845E+004  -0.621224745446393456E+001   0.725700742605830396E-001  -0.106138311885846370E+001  -0.146009348670035610E+001   0.855952607122265285E+000  -0.621070433244435233E+006  -0.622019217427034862E+006   1
  -0.702646458512634275E+001  -0.378446167968816916E+001   0.659625211246839285E+003   0.209082553292320017E+004  -0.569400152511591795E+001   0.442845587163550158E+000  -0.239087468538393422E+001  -0.137441430835370881E+001   0.858172694680334636E+000  -0.620984864084454137E+006  -0.621996062382276054E+006   1
  -0.706419358586748558E+001  -0.181955298347893546E+001   0.900291363041038153E+003   0.209407763616693956E+004  -0.480195126687693907E+001   0.296979732100561389E+000  -0.273669195263821496E+001  -0.122024395409688857E+001   0.842780282821113391E+000  -0.621481460106888437E+006  -0.622144644301333930E+006   1
  -0.700182914048675809E+001  -0.159745072669123722E+001   0.600281238147801332E+003   0.207596819163834425E+004  -0.602768113451574372E+001  -0.700216193402437015E+000  -0.365192482380574468E+001  -0.149356658937968323E+001   0.809928168982396168E+000  -0.620223061358991195E+006  -0.622221720017154934E+006   1
  -0.706166090491028253E+001  -0.401833484327560697E+001   0.605618977800397602E+003   0.210043169675070749E+004  -0.346962434062769809E+001  -0.206504708001831294E+000  -0.284342477621177325E+001  -0.147166886321225365E+001   0.824359882220074947E+000  -0.620556821767003043E+006  -0.621875113864732324E+006   1
  -0.703684963256480955E+001  -0.462818539410344698E+001   0.802314750477864891E+003   0.209096235159405751E+004  -0.602828170898824922E+001   0.727308573396426628E+000  -0.166003041578409416E+001  -0.138309373030762695E+001   0.801336215240667116E+000  -0.620767051840466214E+006  -0.621848656335898675E+006   1
  -0.711265366945113620E+001  -0.464978590515270351E+001   0.557703421159273034E+003   0.210604962269782345E+004  -0.465046987526578270E+001  -0.520711625364846720E+000  -0.175217324429158694E+001  -0.143958511873037742E+001   0.832086752641868599E+000  -0.621067682953270967E+006  -0.621817108402174548E+006   1
  -0.699117130695738886E+001  -0.348428584042354927E+001   0.181731613300966075E+003   0.207426451211252561E+004  -0.505230998018677546E+001  -0.641867665444165736E+000  -0.165120311154573862E+001  -0.147174633842249536E+001   0.794227368280675194E+000  -0.620230825984792784E+006  -0.621665821251956047E+006   1
  -0.700214351815722136E+001  -0.488194311671495385E+001   0.296613811914464293E+003   0.208480935490118645E+004  -0.481005385389776485E+001   0.985194394202799639E-001  -0.997511465607283654E+000  -0.124570934791835630E+001   0.837694194220679589E+000  -0.621488922945263679E+006  -0.621650428515617969E+006   1
  -0.697667285092770673E+001  -0.399637907180251784E+001   0.783648498338148329E+003   0.206935518142758519E+004  -0.364239755561575151E+001  -0.410526483455614377E+000  -0.695250934013419197E+000  -0.134257779228891860E+001   0.831583495618860691E+000  -0.620101483065739623E+006  -0.621642814212552970E+006   1
  -0.700996103291134354E+001  -0.148185175986909190E+001   0.598322383061142659E+003   0.208203985686605574E+004  -0.728419289012098048E+001   0.139218291440855513E+000  -0.260484328554384792E+001  -0.147801744173461658E+001   0.812460402104136947E+000  -0.620679804072373314E+006  -0.621578268670082442E+006   1
  -0.702292958343726781E+001  -0.536027783564949889E+001   0.961786682335431806E+003   0.207734830998569305E+004  -0.630983998389483869E+001   0.762646473808758163E+000   0.282611221328270545E+000  -0.129348628811322630E+001   0.866688573991002520E+000  -0.621483024708459154E+006  -0.621571773624077556E+006   1
  -0.697258772352698308E+001  -0.325043516678102318E+001   0.486335937522146935E+003   0.207775241181465026E+004  -0.884319249528308760E+001  -0.622229377517197757E+000   0.801183502318290053E+000  -0.138316546703562659E+001   0.872998276200587231E+000  -0.621357520839036559E+006  -0.621568407540345681E+006   1
  -0.704564392428086705E+001  -0.563450532713783936E+001   0.523589105994883880E+003   0.210395365626946841E+004  -0.839324420785909808E+001   0.995390501319328269E+000   0.956085681327968118E+000  -0.116486144405404257E+001   0.840154870660833275E+000  -0.621412196895216475E+006  -0.623512887206298998E+006   1
  -0.710973260221330783E+001  -0.224862968120346585E+001   0.256066910764566558E+003   0.211817463742543532E+004  -0.296761409583587810E+001   0.192778126959543883E+000  -0.155104077248036720E+001  -0.144521356431296555E+001   0.805940787332393938E+000  -0.621143372348948033E+006  -0.623295767093377071E+006   1
  -0.693858186111911301E+001  -0.377061660853473457E+001   0.214516762236978963E+003   0.207214574094000182E+004  -0.772830566948330944E+001   0.291862235666347170E+000  -0.466676656527464928E-002  -0.131647251285010669E+001   0.828570986903922280E+000  -0.621179135898939683E+006  -0.622166106595735997E+006   1
  -0.693317826377730917E+001  -0.457223138354085279E+001   0.352998854662512656E+003   0.207265961789447283E+004  -0.428895727426825513E+001   0.447464700888635658E+000  -0.157602004696855413E+001  -0.144923319179826615E+001   0.784562631657714449E+000  -0.621143581094949273E+006  -0.621891427797777811E+006   1
  -0.689851945615834694E+001  -0.110512295040091235E+001   0.317725905818270064E+003   0.204445726444391607E+004  -0.499780794356188895E+001   0.663733775446588847E+000  -0.678089697098816391E+000  -0.148383360454596414E+001   0.737639438092071886E+000  -0.620995762458825833E+006  -0.623204371564426692E+006   1
  -0.709309684912599892E+001  -0.312377644042226477E+001   0.679564668202757503E+002   0.211697154345886884E+004  -0.435904917728629382E+001   0.733416969149070841E+000   0.435500042623960582E+000  -0.148508711089527812E+001   0.790150884503861728E+000  -0.621177942041886272E+006  -0.622431251873545931E+006   1
  -0.697150777514638875E+001  -0.502774506291371459E+001   0.369081768281621294E+003   0.206949254642927826E+004  -0.511814079808214650E+001   0.474744496348033396E+000  -0.500757938948157566E+000  -0.140212941941842351E+001   0.844110404323754726E+000  -0.620766214237782639E+006  -0.622172726280323812E+006   1
  -0.696780419362061831E+001  -0.576863664199447346E+001   0.361196566740222096E+002   0.207368326620424386E+004  -0.575065805026050469E+001   0.706882360538848786E+000  -0.174386265511759486E+001  -0.131771974262207747E+001   0.815914162656250608E+000  -0.621485474651182187E+006  -0.621988503672850085E+006   1
  -0.698663334608225473E+001  -0.115213684940227967E+001   0.144705596821331312E+003   0.207283309749985801E+004  -0.702422677547110919E+001   0.814555545760957678E+000  -0.915915289806326527E+000  -0.149230490457290954E+001   0.731163066344047485E+000  -0.620991060020507197E+006  -0.621967229172207881E+006   1
  -0.700050501675722181E+001  -0.417177742436587629E+001   0.495242599025472714E+003   0.208581740587777495E+004  -0.313061728741598699E+001   0.325206431657428352E+000  -0.611304006329840277E+000  -0.140091528361912121E+001   0.816745858125416113E+000  -0.621344880939557566E+006  -0.621861701435069204E+006   1
  -0.699376317845362472E+001  -0.352098273507505155E+001   0.205814014719962614E+003   0.207537653632680440E+004  -0.664027755885401128E+001   0.662387993898773342E+000   0.509544159901619942E+000  -0.141982331594220423E+001   0.830352869269274318E+000  -0.620470468299727188E+006  -0.621824773510632804E+006   1
  -0.701041958320277558E+001  -0.480952018756473265E+001   0.644611364515894934E+003   0.208601005661215004E+004  -0.756718945733815929E+001   0.471589417369528530E+000  -0.656679409017414173E+000  -0.143823768396593721E+001   0.819179591313174416E+000  -0.620370902556040790E+006  -0.621820851473390125E+006   1
  -0.695325699431814126E+001  -0.328559793439732317E+001   0.167243200339995326E+003   0.207928704769878732E+004  -0.855471726516491060E+001   0.609020188147322949E+000  -0.727568578788746478E-001  -0.149528198061488804E+001   0.781969509996930934E+000  -0.620567748927955166E+006  -0.621773413005860639E+006   1
  -0.706056087161057544E+001  -0.386502967479594117E+001   0.353663858995348846E+003   0.211354670379981735E+004  -0.473200139186132684E+001   0.782550939878093876E+000  -0.868624660937566073E+000  -0.144541134977857633E+001   0.779820393554432667E+000  -0.621212437022334081E+006  -0.621711385041096946E+006   1
  -0.699481433117627116E+001  -0.560373095893357842E+001   0.549759760046059000E+003   0.208784498784830703E+004  -0.422010245879792301E+001   0.766504556327943121E+000   0.449363389586572737E+000  -0.147364833105338722E+001   0.761132564475233253E+000  -0.620927496684417245E+006  -0.621676979600853636E+006   1
  -0.699063726091204884E+001  -0.328354575585916653E+001   0.772353632144772035E+002   0.207492314037567212E+004  -0.621500863007144488E+001   0.940247067318409346E+000   0.362325569599683206E+000  -0.142594396410265722E+001   0.847672113877249278E+000  -0.620477032553621335E+006  -0.621674571532681002E+006   1
  -0.708104485396787986E+001  -0.400469610619230210E+001   0.590870570793041566E+003   0.211410637365700859E+004  -0.350855746227947662E+001   0.979045368627890378E+000   0.715372997270658395E+000  -0.138773351152006463E+001   0.771324663929142673E+000  -0.621510514127427596E+006  -0.621630690887140227E+006   1
  -0.706271614283986437E+001  -0.381610511419657916E+001   0.198953369466995980E+003   0.210998060290624426E+004  -0.878986433558060831E+001   0.981847395410491153E+000  -0.131486390491855953E+000  -0.143685419797160607E+001   0.767845620622390257E+000  -0.620868668680031784E+006  -0.621606654006916098E+006   1
  -0.706044425687495192E+001  -0.483250910317692295E+001   0.544507927249780550E+003   0.211224203769816768E+004  -0.492095045455867197E+001   0.786103130121466487E+000  -0.121521110666916199E+001  -0.137292838455216781E+001   0.778800226217602143E+000  -0.621402609889631858E+006  -0.621567119966948288E+006   1
  -0.693009011647447615E+001  -0.450835137143352238E+001   0.384244973525250089E+003   0.207993202875724091E+004  -0.728736766428860516E+001   0.534584354538053086E+000  -0.354366507745598369E+001  -0.143853191289560156E+001   0.722780941573231250E+000  -0.621161312786487630E+006  -0.622809120995572535E+006   1
  -0.707176095777678082E+001  -0.132156778001814867E+001   0.317945402096050259E+003   0.210046615888105362E+004  -0.606691390143567055E+001   0.584043950646319310E+000  -0.198218173524865726E+001  -0.144612146864374624E+001   0.756342578340790772E+000  -0.621469438025366515E+006  -0.622838340157941333E+006   1
  -0.695157543315069937E+001  -0.200894707096986291E+001   0.241203106583106205E+003   0.207925438336916613E+004  -0.767629441064531282E+001   0.590937743982715702E+000  -0.252233440261022457E+001  -0.129886203774947107E+001   0.778737237874630672E+000  -0.621508600155213033E+006  -0.622293923674507299E+006   1
  -0.695683079703913165E+001  -0.504816401160248596E+001   0.305716324016722865E+003   0.206004013122969445E+004  -0.659151021535606674E+001   0.453138462652512342E+000  -0.309279200566502466E+001  -0.140940889339461251E+001   0.813499624665513621E+000  -0.621191942392121884E+006  -0.621834894974310766E+006   1
  -0.704206273640090963E+001  -0.232314612834498435E+001   0.329190146785232344E+003   0.211172950923975714E+004  -0.568750079828608524E+001   0.941570158271021862E+000  -0.278401477034870037E+001  -0.142218591326062493E+001   0.781384725476017672E+000  -0.621353945121136494E+006  -0.621673097132490831E+006   1
  -0.692915850205970685E+001  -0.100771920927465164E+001   0.368171859327340030E+003   0.203715953573159891E+004  -0.440298749738457484E+001   0.715760804116567728E+000  -0.399725706442200801E+001  -0.146794401973103561E+001   0.800623108378178405E+000  -0.621222130819791113E+006  -0.623719851811170927E+006   1
  -0.698693669551506336E+001  -0.234460351504659137E+001   0.107137329041133817E+002   0.207699826270804806E+004  -0.357777442393392864E+001  -0.117433789401396038E+000  -0.394450402756563978E+001  -0.135054704800760872E+001   0.841465044144405816E+000  -0.620460086208508583E+006  -0.622574460059003322E+006   1
  -0.697789945525233435E+001  -0.338153001546144383E+001   0.180436437360412327E+003   0.209295963867048158E+004  -0.759605575588379356E+001   0.361153185754661266E-001  -0.399306482878422431E+001  -0.145460230563782966E+001   0.794556563110639047E+000  -0.621245782833059202E+006  -0.621967258302782080E+006   1
  -0.690031327499758707E+001  -0.510464118736276351E+001   0.220624030252356164E+003   0.205282259075430738E+004  -0.401949442621256114E+001  -0.484435165375379562E+000  -0.242937735175839986E+001  -0.149462859592249209E+001   0.781913167257868302E+000  -0.619865633423687890E+006  -0.623262681882361532E+006   1
  -0.700837095087366091E+001  -0.222221105641636196E+001   0.228340578293455764E+003   0.208980908191640992E+004  -0.261014005149888995E+001  -0.277867653178585527E+000  -0.280453381929404966E+001  -0.140150078111360399E+001   0.770705816260125798E+000  -0.620856959193377639E+006  -0.627402771847481839E+006   1
  -0.693648671014563600E+001  -0.312768572242314358E+001   0.591377561443926680E+002   0.206401448554948001E+004  -0.513525683801780097E+001  -0.635983074619520528E+000  -0.391248429207130988E+001  -0.129480775498495571E+001   0.841419737032032100E+000  -0.621030566502061440E+006  -0.622529166597897769E+006   1
  -0.690933523040381381E+001  -0.223415329785730865E+001   0.173360183594277295E+002   0.204293584378792457E+004  -0.707178962004565825E+001  -0.152369779850998754E+000  -0.303469869828906491E+001  -0.148962818945102282E+001   0.819752842491438982E+000  -0.620278962349759648E+006  -0.621943991543886135E+006   1
  -0.709114774686197080E+001  -0.217524273432126414E+001   0.248124784866524294E+003   0.211880512463502873E+004  -0.648159089147451439E+001   0.377157061403181615E-001  -0.374045506377097947E+001  -0.143405552187733831E+001   0.752618187915412906E+000  -0.621354397565983119E+006  -0.621857898476475501E+006   1
  -0.706699631689496943E+001  -0.181775903897378743E+001   0.176156064620973922E+003   0.210471705740896050E+004  -0.495653192994072889E+001  -0.979900065217182092E+000  -0.328428380091334571E+001  -0.147389891706915033E+001   0.779701751751754268E+000  -0.620893387060064822E+006  -0.621837867297814810E+006   1
  -0.695170154400796392E+001  -0.492010129000020058E+001   0.449037106951647402E+002   0.206310262661249317E+004  -0.882728191204116541E+001   0.852908486616472672E-001  -0.195180711280094865E+001  -0.137748512675934687E+001   0.833544734483895433E+000  -0.620832570975483279E+006  -0.622039734391601756E+006   1
  -0.709345329691829640E+001  -0.477318608957171442E+001   0.332542160716192257E+003   0.212014635783970971E+004  -0.558586251608822870E+001  -0.239347707532275078E+000  -0.384263130871705538E+001  -0.120618598708016433E+001   0.833190548251350527E+000  -0.621376991169954534E+006  -0.621907146215511486E+006   1
  -0.706114115994019187E+001  -0.583632779694423309E+001   0.773237670422533228E+002   0.210935163313012526E+004  -0.462853223108372269E+001   0.609775364544215215E+000  -0.347110677588131633E+001  -0.129621147540375259E+001   0.827858854093017515E+000  -0.621457145326592843E+006  -0.622388855048504192E+006   1
  -0.700925660032985931E+001  -0.540051285637132050E+001   0.853863229671493684E+002   0.208275063607620086E+004  -0.539754202595932675E+001   0.743541153831465351E+000  -0.326359071674882983E+001  -0.139841846864330877E+001   0.871975706571734843E+000  -0.621128837114182068E+006  -0.622177703971005394E+006   1
  -0.709991373852416263E+001  -0.554431696985656863E+001   0.219669544982805490E+003   0.211922487599988290E+004  -0.840208293223224523E+001   0.237684179977924570E+000  -0.288251169693919262E+001  -0.139468129581409483E+001   0.801953964189585866E+000  -0.621103705053990940E+006  -0.622423549276439357E+006   1
  -0.696587623899986763E+001  -0.543989361110894531E+001   0.246868385872005490E+003   0.208446152133514806E+004  -0.692893204359174408E+001   0.281220577786637227E+000  -0.275514727161242323E+001  -0.128155451641489959E+001   0.806116596330291646E+000  -0.621300952602861915E+006  -0.621962077020863537E+006   1
  -0.705448008592358811E+001  -0.338935716172663026E+001   0.138741658515717461E+003   0.211139239415398652E+004  -0.711890400547173119E+001  -0.725562822673746499E-001  -0.222364869588643543E+001  -0.124805991952436046E+001   0.840651649881706931E+000  -0.621155243838931201E+006  -0.621764072409091517E+006   1
  -0.704746405435515477E+001  -0.331385211849147199E+001   0.311418466538567202E+003   0.211131841664142485E+004  -0.216426504687697641E+001   0.649156353855209201E-001  -0.227801835122399732E+001  -0.139898160810369143E+001   0.777718032893344402E+000  -0.620974059224275406E+006  -0.621735429778326303E+006   1
  -0.698088518136890279E+001  -0.418192342854292143E+001   0.125934237238177460E+003   0.208296138798499396E+004  -0.877567248058517002E+001  -0.250761358282025948E+000  -0.348629692422944704E+001  -0.134073117488911087E+001   0.792707891288302879E+000  -0.621088083830282441E+006  -0.621730441704346333E+006   1
  -0.699223122003420272E+001  -0.347045807981116905E+001   0.296762101211279855E+003   0.209798368300850780E+004  -0.321051244814634718E+001  -0.145048691834071430E+000  -0.362182217303179765E+001  -0.123092129994833788E+001   0.794100293399358614E+000  -0.621203248455574270E+006  -0.621667788177709561E+006   1
  -0.701797384605739438E+001  -0.236475501200270699E+001   0.274550475027774930E+002   0.209963054267568759E+004  -0.767929731328578136E+001  -0.813721010691139113E+000  -0.332309768725488119E+001  -0.119727637950733246E+001   0.865983325895755218E+000  -0.621459188846219680E+006  -0.621608571091674734E+006   1
  -0.693466195925188345E+001  -0.153267495356260941E+001   0.167500179552727928E+003   0.207017526505843853E+004  -0.274826562761306459E+001  -0.227349257461955556E+000  -0.239874315382590630E+001  -0.142608332420303485E+001   0.741522717501891360E+000  -0.620909263374828035E+006  -0.621537625860455213E+006   1
  -0.694287600296921070E+001  -0.560458144042735018E+001   0.117289799165644784E+002   0.206511382891925678E+004  -0.800180761220225456E+001   0.852365791426498154E+000  -0.305143039963153617E+001  -0.141234883928224186E+001   0.821768890729397961E+000  -0.620515734022753197E+006  -0.621527046359097469E+006   1
